--------
epochs_index -----> 29
train_acc -----> [0.6259058117866516, 0.6775362491607666, 0.6976901888847351, 0.7117300629615784, 0.72826087474823, 0.7232789993286133, 0.726902186870575, 0.72486412525177, 0.7386775612831116, 0.7298460006713867, 0.7332427501678467, 0.742527186870575, 0.74048912525177, 0.7302989363670349, 0.7359601259231567, 0.7359601259231567, 0.7443387508392334, 0.7549818754196167, 0.74388587474823, 0.7484148740768433, 0.7416213750839233, 0.742527186870575, 0.7468296885490417, 0.7402626872062683, 0.7472826242446899, 0.74388587474823, 0.7470561861991882, 0.7511322498321533, 0.751358687877655, 0.7554348111152649]
test_acc -----> [0.7113752365112305]
val_acc -----> [0.6527149081230164, 0.6934388875961304, 0.7002262473106384, 0.7058823704719543, 0.7228506803512573, 0.7239819169044495, 0.7409502267837524, 0.7296379804611206, 0.7352941036224365, 0.7352941036224365, 0.7409502267837524, 0.7364253401756287, 0.733031690120697, 0.7386877536773682, 0.7386877536773682, 0.7488687634468079, 0.7420814633369446, 0.7533936500549316, 0.75, 0.7488687634468079, 0.7386877536773682, 0.7420814633369446, 0.7443438768386841, 0.7432126402854919, 0.7420814633369446, 0.7386877536773682, 0.7477375268936157, 0.7341628670692444, 0.7432126402854919, 0.7488687634468079]
train_f1_score -----> [0.625905715365483, 0.6774766873417803, 0.6976029872070735, 0.7117247309614285, 0.7282139805298009, 0.7232693876959118, 0.726881945263576, 0.7248468411056319, 0.7386440258680945, 0.7298309224031936, 0.733226934622307, 0.7425224025314561, 0.7404754978063741, 0.7302656979394344, 0.7359509867211318, 0.7359384745116246, 0.7443358133010451, 0.7549705706168538, 0.7438852210262533, 0.7483422604242451, 0.7416143626495321, 0.7425027542119287, 0.7467696603396469, 0.7402514742754557, 0.7472502016279428, 0.7438489676768482, 0.7470420284526447, 0.7511316160457125, 0.751324209474548, 0.7554058794353623]
test_f1_score -----> [0.7102317401445175]
val_f1_score -----> [0.6525188326544298, 0.6934353783181075, 0.6948813848730926, 0.7058085606356439, 0.7228474817614376, 0.7221386268372056, 0.740774740897574, 0.7295379811009869, 0.735272431865646, 0.7351585495581967, 0.7409339768905457, 0.736398011301246, 0.7329646930365343, 0.7384437787945921, 0.7383231173160554, 0.7488674878041391, 0.7408064640441185, 0.7532117560766964, 0.7498306449703489, 0.7488636313467959, 0.7381781765081934, 0.7420761620594802, 0.7428221238647854, 0.7428543186609609, 0.7418224248947791, 0.7361320143072317, 0.7475951115969829, 0.73379191597115, 0.7425455185897228, 0.7485392655474725]
train_loss -----> [0.6449173152230788, 0.5948985590990906, 0.5792539789732817, 0.5624977997571664, 0.5512089229904226, 0.5490453981025069, 0.5453429476938385, 0.5422003426575567, 0.5317663706947061, 0.529316821446021, 0.5286523652519444, 0.5257896755862492, 0.5252582484829253, 0.5279569837764121, 0.5223683830134683, 0.5285323981627604, 0.5187966943974948, 0.5153231340312009, 0.5181490257922294, 0.5124010181297428, 0.5137662587930326, 0.5229630288870432, 0.5129257013778328, 0.5186595660566852, 0.513803739802561, 0.5101619740759119, 0.5159924434956862, 0.5044640987517615, 0.5065489302024895, 0.5096538214390911]
val_loss -----> [0.6025823569512587, 0.5691685126171455, 0.5739208808890331, 0.545893860292864, 0.5357984728641338, 0.5324910199856975, 0.5208371260144689, 0.5227344661682578, 0.5185238006147179, 0.5156663854916889, 0.5139469596985226, 0.5196155070721563, 0.5087968614455819, 0.5112849104780336, 0.5119909928725648, 0.5040054719995809, 0.5187113272982671, 0.5089258728800595, 0.5066837673788674, 0.5063273485179419, 0.5039798799935761, 0.505742729381398, 0.5148175117131828, 0.5012052733081954, 0.5087108767784394, 0.5160598624665456, 0.5027154308181625, 0.5087788119777901, 0.5165141760497481, 0.5011768802866206]
test_loss -----> [0.5594738526521503]
val_auc_roc -----> [0.7343650826150161, 0.7738861816916116, 0.7906753547224667, 0.7961369546078091, 0.8061183227206651, 0.8134175180688357, 0.8182239307139494, 0.816744640773121, 0.8202202043365205, 0.8234551913351487, 0.8239005139124915, 0.8191811183227207, 0.8281387563727196, 0.8275193996846912, 0.8277906881513483, 0.832632931348662, 0.8262448557564341, 0.8294644868041194, 0.8311331668065765, 0.8297920804242337, 0.8327148297536906, 0.8303602506091193, 0.8315631334329763, 0.8361136135623759, 0.8291471304846338, 0.832453778587662, 0.833134559079462, 0.8298176736758051, 0.8265161442230913, 0.8346752728240618]
val_auc_pr -----> [0.7279571106285725, 0.7624106489679818, 0.7831611159752576, 0.7900255945068686, 0.7927010929838862, 0.8007524924826759, 0.8033177937137297, 0.8043695707183143, 0.80861845558634, 0.8089512381581976, 0.8095611229858136, 0.8032345185539937, 0.8131417503591102, 0.809988818226288, 0.8147753063549726, 0.8149096695921797, 0.8087059842240252, 0.8099677433670274, 0.8148260033048083, 0.8124463067912409, 0.818324014282638, 0.8149608921853598, 0.8152387267854863, 0.8174949203332906, 0.8118704233595099, 0.8170841281384654, 0.8128993033056131, 0.814158598816395, 0.8102330009550545, 0.8166606266760892]
test_auc_roc -----> [0.7928167877320419]
test_auc_pr -----> [0.7682594030003475]
cm -----> [[191  67]
 [103 228]]
--------
