--------
epochs_index -----> 29
train_acc -----> [0.67798912525177, 0.71535325050354, 0.7241848111152649, 0.7339221239089966, 0.7332427501678467, 0.7257699370384216, 0.7386775612831116, 0.7400362491607666, 0.72826087474823, 0.7540760636329651, 0.7470561861991882, 0.7497735619544983, 0.7463768124580383, 0.7493206262588501, 0.7468296885490417, 0.7468296885490417, 0.7459239363670349, 0.7484148740768433, 0.7493206262588501, 0.7495471239089966, 0.7481883764266968, 0.7502264380455017, 0.7515851259231567, 0.7540760636329651, 0.758152186870575, 0.7540760636329651, 0.75339674949646, 0.7629076242446899, 0.7631340622901917, 0.7477355003356934]
test_acc -----> [0.7181664109230042]
val_acc -----> [0.6990950107574463, 0.7081447839736938, 0.7160633206367493, 0.7307692170143127, 0.7171945571899414, 0.7217194437980652, 0.7522624731063843, 0.726244330406189, 0.7273755669593811, 0.7126696705818176, 0.709276020526886, 0.7307692170143127, 0.7285068035125732, 0.7296379804611206, 0.7375565767288208, 0.7454751133918762, 0.7398189902305603, 0.7341628670692444, 0.7285068035125732, 0.7443438768386841, 0.7319004535675049, 0.7138009071350098, 0.7296379804611206, 0.7488687634468079, 0.7285068035125732, 0.7409502267837524, 0.7352941036224365, 0.7556561231613159, 0.75, 0.7375565767288208]
train_f1_score -----> [0.6779722157606953, 0.7153373594141527, 0.7241838724117861, 0.7339219736473672, 0.7332229945110911, 0.7257682209817956, 0.7386698123551443, 0.7400272149792293, 0.7282588579668532, 0.7540419776223258, 0.7470480474218746, 0.7497427336630922, 0.7463765985008441, 0.7493196059391672, 0.7468195265397931, 0.7468089316155675, 0.7459186963983808, 0.7484142179134274, 0.7493138468736928, 0.7495149847226394, 0.7481850950951521, 0.7502069614708493, 0.751580541228523, 0.7540365281250838, 0.7581513751930457, 0.7540419776223258, 0.7533556416094305, 0.7629061325740819, 0.7630931857196726, 0.7476919782332963]
test_f1_score -----> [0.7151107176434988]
val_f1_score -----> [0.6971963337218904, 0.7028501694029086, 0.713659264992432, 0.7296844435596217, 0.7167755941197385, 0.7216838369206373, 0.75177930993567, 0.724891071792305, 0.7268971231331776, 0.7126461444201642, 0.7031491065192863, 0.7296052344885009, 0.7282717232595792, 0.7281683259190017, 0.7374221516558184, 0.7448138399677022, 0.7398136722970416, 0.7338764898037691, 0.7283385269698388, 0.7429108172994658, 0.7312645936969991, 0.708518882860582, 0.7268694967389182, 0.748579212879666, 0.7273330096102608, 0.7395420359225886, 0.7331083123597854, 0.7543686273034134, 0.749799887665477, 0.7361737111774529]
train_loss -----> [0.6101776838194628, 0.5587916967553506, 0.5486439157925223, 0.5376423353572258, 0.5318433272017956, 0.5350450261671473, 0.5221483582981682, 0.5181681390689766, 0.5261034178615049, 0.5200311756166425, 0.5148050670876445, 0.5175417010820866, 0.514662880126549, 0.5104684165638433, 0.5112415844763538, 0.5179742630571128, 0.5155302202464003, 0.5099640363368427, 0.5075106981709815, 0.5108125227624959, 0.5081245382518875, 0.5055447108773655, 0.5068116690153665, 0.5098670440577509, 0.5027231862903501, 0.49578603016941464, 0.5045558918888368, 0.4927055516914612, 0.49943087024587196, 0.5102480167010125]
val_loss -----> [0.6355946171391118, 0.7725727053375933, 0.5611047768915022, 0.5564611127247681, 0.614810082692284, 0.6265596454744938, 0.5917263365275148, 0.5473480659562188, 0.5908887005067088, 0.7748182297826884, 0.58347607558375, 0.6802948358896617, 0.5750023556185202, 0.5605271340490464, 0.6002008906892824, 0.5426609102670137, 0.6551796603310213, 0.6248032105667098, 0.7291450205149949, 0.5834311654975821, 0.8249018051334325, 0.5987006270133698, 0.551023216666402, 0.5688259972108377, 0.5632974403398531, 0.5795233954448958, 0.600306181354566, 0.5250825165091335, 0.6951058821098225, 0.7194049169082901]
test_loss -----> [0.7794037557937004]
val_auc_roc -----> [0.7563778382915992, 0.76210048934297, 0.7955099199443091, 0.796584836510309, 0.7839878380868532, 0.784648143977396, 0.7991134497655659, 0.8065559673225364, 0.7943582236235949, 0.7662670706987982, 0.8059110173829364, 0.7898794045985954, 0.7960217849757376, 0.8052609487930222, 0.7956071743002805, 0.8103795991073074, 0.7970813455907946, 0.7925155095104524, 0.7874429270489958, 0.8084652238897647, 0.7784392211461681, 0.7963237853442804, 0.8156825208329067, 0.8099393951802789, 0.8030752851088225, 0.8067402387338506, 0.8036997604471654, 0.8239030732376487, 0.7999068405642801, 0.7921162547859381]
val_auc_pr -----> [0.7721050797692124, 0.7794692795737141, 0.7994602441298491, 0.7987379692625318, 0.7935856470909419, 0.7961294039745958, 0.8073623618153748, 0.8046159630650048, 0.8013545965177334, 0.7850846834434597, 0.7748230311349192, 0.805466140457106, 0.7996724757143924, 0.8049346260171101, 0.801804666451485, 0.8092966162783964, 0.8009126766807706, 0.7939354769253198, 0.8004234320327283, 0.8113177470998665, 0.7871007612835117, 0.7734930062238805, 0.8075717915300988, 0.8058320052097537, 0.7971344753202355, 0.8047193544698797, 0.8046597976926859, 0.8200688317225061, 0.8028512898429286, 0.7927895999867817]
test_auc_roc -----> [0.7694627003343711]
test_auc_pr -----> [0.7761335041169382]
cm -----> [[242 114]
 [ 52 181]]
--------
