--------
epochs_index -----> 29
train_acc -----> [0.6295289993286133, 0.7008605003356934, 0.7137681245803833, 0.72214674949646, 0.7155796885490417, 0.7291666865348816, 0.7366394996643066, 0.7368659377098083, 0.739130437374115, 0.7314311861991882, 0.73777174949646, 0.7402626872062683, 0.7411684989929199, 0.7395833134651184, 0.739130437374115, 0.739130437374115, 0.7481883764266968, 0.7434329986572266, 0.7522644996643066, 0.7470561861991882, 0.7477355003356934, 0.739130437374115, 0.7477355003356934, 0.745244562625885, 0.7488677501678467, 0.7583786249160767, 0.7475090622901917, 0.7506793737411499, 0.7520380616188049, 0.7565670013427734]
test_acc -----> [0.7657045722007751]
val_acc -----> [0.6945701241493225, 0.7194570302963257, 0.7273755669593811, 0.7409502267837524, 0.7432126402854919, 0.7488687634468079, 0.7545248866081238, 0.7511312365531921, 0.7579185366630554, 0.7160633206367493, 0.7488687634468079, 0.7319004535675049, 0.7579185366630554, 0.766968309879303, 0.7692307829856873, 0.7511312365531921, 0.7658371329307556, 0.766968309879303, 0.7726244330406189, 0.766968309879303, 0.7692307829856873, 0.7522624731063843, 0.7624434232711792, 0.7590497732162476, 0.7624434232711792, 0.7647058963775635, 0.7579185366630554, 0.7647058963775635, 0.75, 0.7613122463226318]
train_f1_score -----> [0.6294304713578573, 0.7008597505981856, 0.7137680522277323, 0.7221426163613889, 0.7155787717072046, 0.7291599396384241, 0.7366189451412106, 0.7368503378191962, 0.7391227242834639, 0.731429777208416, 0.7377543058192781, 0.7402131061740165, 0.7411646373925966, 0.7395619602129109, 0.7391199416314442, 0.7390914160252522, 0.7481875743772051, 0.7434219008578866, 0.7522246425494901, 0.7470514718799691, 0.7476977754010307, 0.739114964817307, 0.7477222551449303, 0.7452442336217646, 0.748851972226879, 0.758376524228318, 0.7474893582048576, 0.7506636802359978, 0.7520099471753114, 0.7565499334651308]
test_f1_score -----> [0.7650537584297139]
val_f1_score -----> [0.694556059584859, 0.7194340306538087, 0.7225147684380321, 0.7401518456382826, 0.7402123894185896, 0.7484967270166223, 0.7531904879268929, 0.7496498549570663, 0.7576394212437549, 0.7033505441154405, 0.7483006060049098, 0.7276056819740562, 0.7566429918191584, 0.7654979114558657, 0.7692201326808635, 0.7499794256464531, 0.7650551079537328, 0.7662204233670024, 0.7725193428234407, 0.7668716632815002, 0.7692295829803495, 0.7508311113916293, 0.7623217747296562, 0.7574853604452421, 0.7620914982581437, 0.7647058773356401, 0.7576394212437549, 0.7630454343338813, 0.7456962765289853, 0.7597624931641611]
train_loss -----> [0.6405784293361341, 0.5791500152993034, 0.5615251359084373, 0.552701757060013, 0.5539429870474605, 0.5418162636350892, 0.5328761304094302, 0.5278678967253018, 0.5258880399869403, 0.5310628362863828, 0.5354219218581048, 0.5319022916635315, 0.5326440075169437, 0.5252769556760345, 0.5238462140162785, 0.5215205589336337, 0.5131097015101416, 0.5173622892656615, 0.5164484287733615, 0.5146702740449408, 0.511775100117792, 0.5187255738006121, 0.511025856559476, 0.5211864273887183, 0.5075997993943918, 0.5039094055233436, 0.5113101874788604, 0.5070412164365036, 0.5100438510054268, 0.5024067497123846]
val_loss -----> [0.576954166094462, 0.5461652053369059, 0.5443397242206713, 0.5319427548496571, 0.5290178026970441, 0.5148042518276351, 0.5190094324114087, 0.517404813621495, 0.5110642395846479, 0.5656538067368775, 0.5084367159519111, 0.5289848850922543, 0.5112605296276709, 0.5143166409956443, 0.5045617759764732, 0.5189819060735876, 0.510839344816165, 0.5058555047254306, 0.5077906436211358, 0.49934238947189613, 0.4984381923804408, 0.505426144948951, 0.4995483770832286, 0.509453435470392, 0.5051452792711087, 0.5026911040684126, 0.5064357646682242, 0.5057538790745778, 0.5194789038316623, 0.5058280263129655]
test_loss -----> [0.4823118202589653]
val_auc_roc -----> [0.7815513605372535, 0.803781658852194, 0.8156722835322782, 0.8175354722466779, 0.822618292008763, 0.8278649085809054, 0.8259966012161915, 0.8261143301734197, 0.827839315329334, 0.8284433160664197, 0.8297997583997053, 0.8296103683380768, 0.8318728117769907, 0.8315605741078193, 0.8335466104297619, 0.8277011117708482, 0.8299430806085052, 0.8341506111668475, 0.8315349808562479, 0.8361571220900473, 0.8369965807415899, 0.8403083474949324, 0.8370119366925328, 0.8339714584058476, 0.8316885403656763, 0.8336541020863619, 0.8327890501832476, 0.8351948158309617, 0.8374777338711328, 0.8360521897586044]
val_auc_pr -----> [0.7651409397231428, 0.7865831938456649, 0.8021045438252159, 0.8066599278551223, 0.8065837058727404, 0.8184288854712375, 0.8086570189274774, 0.809934132849384, 0.8149889768677854, 0.81158070317549, 0.8186476608778591, 0.8208810119027253, 0.8196870541407779, 0.8161852635883174, 0.8203539811751759, 0.8122708017527633, 0.8145404616515782, 0.8201989532920989, 0.8175529161366188, 0.8222698944549411, 0.8220971587012128, 0.8305848029241526, 0.8264092992461909, 0.8214630058508294, 0.8178464388250348, 0.8212794262425898, 0.8193598020940452, 0.8219310773499672, 0.8241926684071448, 0.820835272023535]
test_auc_roc -----> [0.853487835812291]
test_auc_pr -----> [0.8569440338906886]
cm -----> [[210  53]
 [ 85 241]]
--------
