--------
epochs_index -----> 29
train_acc -----> [0.6118659377098083, 0.66847825050354, 0.6761775612831116, 0.6847826242446899, 0.6992753744125366, 0.6974637508392334, 0.7010869383811951, 0.7051630616188049, 0.7033514380455017, 0.6954257488250732, 0.7090126872062683, 0.7056159377098083, 0.7146739363670349, 0.7028985619544983, 0.7096920013427734, 0.7051630616188049, 0.7053894996643066, 0.7096920013427734, 0.7146739363670349, 0.717391312122345, 0.710597813129425, 0.701766312122345, 0.7180706262588501, 0.7142210006713867, 0.7096920013427734, 0.7162590622901917, 0.7144474387168884, 0.7207880616188049, 0.7158061861991882, 0.7246376872062683]
test_acc -----> [0.7045840620994568]
val_acc -----> [0.6447963714599609, 0.6696832776069641, 0.6866515874862671, 0.6730769276618958, 0.6809954643249512, 0.6957013607025146, 0.6979637742042542, 0.6979637742042542, 0.7002262473106384, 0.6979637742042542, 0.7115384340286255, 0.6696832776069641, 0.7047511339187622, 0.7081447839736938, 0.7115384340286255, 0.7002262473106384, 0.7036198973655701, 0.7081447839736938, 0.720588207244873, 0.7171945571899414, 0.7036198973655701, 0.709276020526886, 0.7194570302963257, 0.7183257937431335, 0.7058823704719543, 0.709276020526886, 0.726244330406189, 0.7115384340286255, 0.7183257937431335, 0.7104072570800781]
train_f1_score -----> [0.6105978727711197, 0.6682413760307429, 0.6761679662470003, 0.684761653602298, 0.699274370372215, 0.6974562542287459, 0.701069231249615, 0.7051049094851182, 0.7033219910669235, 0.6953882153644608, 0.7090125418615869, 0.7055781926855729, 0.7146455790031483, 0.7028690475494745, 0.7096347879107926, 0.7051615265648341, 0.7052228343065623, 0.7096848186010822, 0.7146589247875341, 0.7173855024382443, 0.7105664155309535, 0.7017130541858445, 0.7180330391540439, 0.7142207750167038, 0.7096148303848819, 0.7162589220174461, 0.7144122967689639, 0.7207879096148586, 0.7157241562132062, 0.7245964949713097]
test_f1_score -----> [0.7004734577529819]
val_f1_score -----> [0.6425550715347104, 0.6672235923823704, 0.6865837983766181, 0.6728152392605882, 0.6795190833739135, 0.6913467866588983, 0.6968741883146148, 0.6975919078149315, 0.6996416317970091, 0.6915984882870907, 0.7115085536150392, 0.6640970202915382, 0.703603782622568, 0.7077618499631833, 0.7110322260130882, 0.6970155477920918, 0.7017497722374888, 0.7072817577357675, 0.7199858883611907, 0.7168234978708031, 0.7021547971468571, 0.7092458756435658, 0.7194053029794014, 0.7180627749358305, 0.7045211403093308, 0.7084518722591961, 0.726130789780889, 0.71126910698291, 0.7156972481766258, 0.7088813369885122]
train_loss -----> [0.6551290468677229, 0.61478091387645, 0.6026312276397062, 0.5942539655859921, 0.5835727500202865, 0.5819878916161647, 0.5747069198152303, 0.5741587663474287, 0.5729434181382697, 0.5743515423728505, 0.5640008085123872, 0.5635610222546524, 0.5638472399255935, 0.5705413410197137, 0.5663940654662645, 0.565232724518232, 0.5658484346138826, 0.5643181800572333, 0.5573705038514698, 0.5587267318767486, 0.5641639673461517, 0.5707308638139047, 0.5510323501421485, 0.5615596188691216, 0.5655915001002344, 0.557325628680595, 0.5556140112542156, 0.5514419435698915, 0.5594966664262446, 0.5473419718606319]
val_loss -----> [0.6329048595449944, 0.6141564907791378, 0.597981956627992, 0.5932162774575724, 0.5907455242431917, 0.590941088693636, 0.5785362911116969, 0.5675658844075758, 0.571323203342455, 0.5742423684747364, 0.5592720441453093, 0.5812593075606199, 0.5614793684568492, 0.5646024652429528, 0.564169748140885, 0.569075331763104, 0.5599110064742803, 0.5688928150915887, 0.559434759455758, 0.5561989355194678, 0.5598930005017702, 0.5562868547869155, 0.5483299544802659, 0.5473261945419482, 0.5630123005793977, 0.5572322609725301, 0.5521746565092794, 0.554121926561132, 0.5543896464614178, 0.5532554643111187]
test_loss -----> [0.5901801276045877]
val_auc_roc -----> [0.7182669273765894, 0.7344111504678446, 0.7496135419012715, 0.7524697487766425, 0.7575474498884135, 0.7634390164001557, 0.7698475665936406, 0.7808629020699822, 0.7765171679531541, 0.7827721586372105, 0.7895748449048955, 0.7699243463483548, 0.7837805327491247, 0.7851983988861818, 0.7839289736082389, 0.7839033803566675, 0.7893086750885526, 0.7763943203456113, 0.7877321307917529, 0.7925027128846664, 0.7864678241641243, 0.7879624700558957, 0.7991160090907229, 0.8002677054114371, 0.7846046354497247, 0.788993878094224, 0.7954408181650662, 0.7934547818431236, 0.7965259720316946, 0.7963826498228948]
val_auc_pr -----> [0.6916529594267562, 0.7038537574751504, 0.7252515656591092, 0.7265343050258432, 0.7288031881796702, 0.7278930326999618, 0.7407614488854538, 0.7477936329715487, 0.7457460377320408, 0.749348231547166, 0.7588141141536251, 0.7376184319582553, 0.757066981780088, 0.7574369436356406, 0.7523834796111557, 0.7505044123137221, 0.7587623990363948, 0.7494825737495472, 0.7594313508113133, 0.7598526656593718, 0.7579100281432136, 0.7573900836489952, 0.766890959379591, 0.767753290057998, 0.7502758099739826, 0.7614303856691225, 0.7567262451923809, 0.7623904821887648, 0.7660060744352295, 0.7646719383714462]
test_auc_roc -----> [0.7579730197163612]
test_auc_pr -----> [0.7080384062194007]
cm -----> [[173  53]
 [121 242]]
--------
