--------
epochs_index -----> 39
train_acc -----> [0.604626476764679, 0.6640492081642151, 0.6708403825759888, 0.6757215857505798, 0.6901528239250183, 0.6882427930831909, 0.6865450143814087, 0.6903650164604187, 0.6882427930831909, 0.6812393665313721, 0.6910017132759094, 0.6912139058113098, 0.6901528239250183, 0.6937606334686279, 0.6888794302940369, 0.6941850781440735, 0.6899405717849731, 0.6963073015213013, 0.6850594282150269, 0.6956706047058105, 0.6937606334686279, 0.6960950493812561, 0.6982173323631287, 0.6926994919776917, 0.6965195536613464, 0.7045840620994568, 0.696943998336792, 0.7056451439857483, 0.6975806355476379, 0.6973684430122375, 0.7016128897666931, 0.7028862237930298, 0.6943972706794739, 0.6948217153549194, 0.6997028589248657, 0.695246160030365, 0.6965195536613464, 0.7003395557403564, 0.6948217153549194, 0.7039473652839661]
test_acc -----> [0.6757215857505798]
val_acc -----> [0.6689304113388062, 0.6706281900405884, 0.6791171431541443, 0.6740237474441528, 0.6740237474441528, 0.6876060962677002, 0.6825127601623535, 0.6960950493812561, 0.6893039345741272, 0.7045840620994568, 0.6842105388641357, 0.6977928876876831, 0.6977928876876831, 0.6926994919776917, 0.7011884450912476, 0.6926994919776917, 0.7045840620994568, 0.6876060962677002, 0.7011884450912476, 0.6960950493812561, 0.6994906663894653, 0.6994906663894653, 0.7096773982048035, 0.7113752365112305, 0.6943972706794739, 0.6910017132759094, 0.7079796195030212, 0.7232597470283508, 0.7045840620994568, 0.6926994919776917, 0.6994906663894653, 0.7096773982048035, 0.7266553640365601, 0.7113752365112305, 0.7028862237930298, 0.7079796195030212, 0.7164685726165771, 0.7130730152130127, 0.6977928876876831, 0.7028862237930298]
train_f1_score -----> [0.5989415811471692, 0.6640000634673227, 0.6708361179744022, 0.6756233218534003, 0.690054296948644, 0.6882033324999386, 0.6863098772737017, 0.6901868457120334, 0.6881870396700807, 0.6809246044883557, 0.6907663163874251, 0.6909750667394489, 0.6900678694635689, 0.6935966469492159, 0.6887984939780676, 0.6939963910035227, 0.689693352143004, 0.6962885691187835, 0.6848938812469336, 0.6955279516911466, 0.6935585334789438, 0.695963558843139, 0.6980467179070691, 0.6923447591008358, 0.6964183938595996, 0.7044455429177101, 0.6968880497294536, 0.7054757742580479, 0.6975194845300925, 0.6972896672664437, 0.7014889922509361, 0.702706069155526, 0.6942807350748715, 0.6946429928114239, 0.699605130565567, 0.6950613682052709, 0.6964183938595996, 0.700019130023676, 0.6947974787347992, 0.703811281418481]
test_f1_score -----> [0.6648673559287663]
val_f1_score -----> [0.6681805131064121, 0.6672897690779747, 0.6777759395605173, 0.6697504856507328, 0.6717519977974983, 0.6829998780502837, 0.6762375868253531, 0.693889159725819, 0.6875603237136247, 0.7013811139107394, 0.6778126715335999, 0.69705847857529, 0.6953259354077128, 0.6846680519606303, 0.6985600247957476, 0.6874965141371411, 0.7004734577529819, 0.6812770513565529, 0.6972712780990775, 0.6903832607143394, 0.6976464908514313, 0.6954311557022763, 0.7078957621783508, 0.7088363874166502, 0.6912997853827567, 0.6874256406052425, 0.7055958475289932, 0.7223345285617637, 0.6991722388163732, 0.6902854835293469, 0.6954311557022763, 0.7085887834205038, 0.72584612837581, 0.70901915156942, 0.7021134505300548, 0.7066936834741573, 0.7145729847329423, 0.7125958170683568, 0.6958562460227125, 0.6967178095079387]
train_loss -----> [0.6679965553137966, 0.631881410379361, 0.6201291453656202, 0.6090618682636268, 0.6016562740446557, 0.5998249870609554, 0.5970834503756727, 0.5923906960390218, 0.5899135340859007, 0.594621434327095, 0.5901705831643479, 0.5894612312215693, 0.5868532180988528, 0.5827509500782035, 0.5896112450314701, 0.5813626695063803, 0.5861068167083334, 0.5807433773989589, 0.5917392746246534, 0.5797789468728825, 0.5826584662868941, 0.5817292316457814, 0.5777636484601905, 0.5804762398548966, 0.5830038629080108, 0.575022255726703, 0.5805370931613218, 0.5740987807006297, 0.5779680805264987, 0.5763214457470214, 0.5731517218673166, 0.5741366728861995, 0.5796143877587221, 0.5798561768337497, 0.5807380729903593, 0.578619476034605, 0.5753609005785562, 0.5806695843694171, 0.575910383149197, 0.574942533021669]
val_loss -----> [0.6460457565011201, 0.6270525330627288, 0.6117476269200045, 0.6078239804184113, 0.6035058450054475, 0.6000842443994572, 0.5960719247122067, 0.5923648110112628, 0.585317285479726, 0.5913937184456234, 0.5938621682895197, 0.5792159031371812, 0.582144620048033, 0.5867154368677657, 0.5775643240761114, 0.5863498078810199, 0.5759356493079986, 0.584426289474642, 0.5785953889827472, 0.5791697087320122, 0.5769866286097346, 0.5747356563806533, 0.574101624456612, 0.5712251860547708, 0.5711557873197506, 0.5799586664180498, 0.5742381637966311, 0.5680659836208497, 0.5718509494452866, 0.5677447842585075, 0.5727982541193833, 0.5684586755327274, 0.5601463801151998, 0.5653430042234628, 0.5664773531056738, 0.5646416556996269, 0.5684372722297099, 0.5639478008489349, 0.5760253224823924, 0.5754819705679609]
test_loss -----> [0.59150571396222]
val_auc_roc -----> [0.7180790960451978, 0.7258849302432839, 0.7418770898189784, 0.7449210192551597, 0.7472962066182405, 0.7520927014873746, 0.7629194050501557, 0.7627695145854951, 0.7658365040931627, 0.7643952496252737, 0.7616856912256427, 0.7713709212498558, 0.773146546754295, 0.7746685114723856, 0.7766401475844575, 0.7686037126715094, 0.7776893808370806, 0.773261847111726, 0.7768938083708059, 0.7813674622391329, 0.773884469041854, 0.7783350628386949, 0.7761097659402744, 0.7816441830969676, 0.781482762596564, 0.7710250201775626, 0.7788423844113918, 0.7848264729620662, 0.7868211691456244, 0.7842153810676813, 0.7817364233829125, 0.7807909604519774, 0.7918713248011069, 0.786890349360083, 0.7817018332756831, 0.7876052115761558, 0.7812406318459588, 0.787616741611899, 0.776893808370806, 0.7839963103885622]
val_auc_pr -----> [0.7001163439708803, 0.7166103912471449, 0.7316021076298413, 0.7341512515352897, 0.7421175602038822, 0.7405243574366805, 0.7566269015903093, 0.7494073856482292, 0.7582148419327355, 0.7479515649304462, 0.7528347996551193, 0.7571969653724867, 0.7569054438124251, 0.7616751093349453, 0.7688042237734112, 0.754056288224425, 0.7741862571994107, 0.7595328439319707, 0.7663577636227414, 0.7681937406886025, 0.7610755945362662, 0.7694868770340717, 0.7710927123925865, 0.7736997139030027, 0.7714259016728351, 0.7659420773946187, 0.7655432619948325, 0.7732616549697537, 0.7741577465937866, 0.7822728782143588, 0.7713828570404555, 0.7638356893868076, 0.775674133326026, 0.7718206168880227, 0.7710542153968395, 0.782666618784458, 0.7704314485215585, 0.7712256032730845, 0.7639517849636264, 0.7804683160364216]
test_auc_roc -----> [0.7799723279142164]
test_auc_pr -----> [0.7601817508961438]
cm -----> [[146  42]
 [149 252]]
--------
