--------
epochs_index -----> 29
train_acc -----> [0.5917119383811951, 0.6682518124580383, 0.6877264380455017, 0.7042572498321533, 0.7033514380455017, 0.7119565010070801, 0.7244112491607666, 0.7160326242446899, 0.7144474387168884, 0.73097825050354, 0.7312046885490417, 0.7341485619544983, 0.7370923757553101, 0.7364130616188049, 0.734375, 0.7416213750839233, 0.73777174949646, 0.7348278760910034, 0.7395833134651184, 0.7368659377098083, 0.7355072498321533, 0.741847813129425, 0.7454710006713867, 0.7373188138008118, 0.7420742511749268, 0.74388587474823, 0.7379981875419617, 0.7423007488250732, 0.7554348111152649, 0.745244562625885]
test_acc -----> [0.7606111764907837]
val_acc -----> [0.6289592981338501, 0.6708144545555115, 0.685520350933075, 0.6968325972557068, 0.6990950107574463, 0.6957013607025146, 0.7058823704719543, 0.7104072570800781, 0.709276020526886, 0.7171945571899414, 0.7194570302963257, 0.7115384340286255, 0.7228506803512573, 0.709276020526886, 0.7138009071350098, 0.7160633206367493, 0.7251130938529968, 0.7285068035125732, 0.7126696705818176, 0.7183257937431335, 0.720588207244873, 0.7341628670692444, 0.7183257937431335, 0.7352941036224365, 0.7217194437980652, 0.7296379804611206, 0.7375565767288208, 0.7183257937431335, 0.7251130938529968, 0.7273755669593811]
train_f1_score -----> [0.5915676675239872, 0.6682428071016231, 0.6876814568233792, 0.704252327678559, 0.7033492537392252, 0.7119465314234186, 0.7244110996927926, 0.7160320794723549, 0.7144367836723412, 0.7309674399637842, 0.7312045810889145, 0.7341362757528136, 0.737087519313177, 0.7364125518783142, 0.734358308153616, 0.7416210405711099, 0.7377353687356045, 0.7348277711668441, 0.7395832749140623, 0.736855357834852, 0.7355063733388671, 0.7418359064634255, 0.7454646921348627, 0.7373174885595569, 0.7420615593123108, 0.7438848007563639, 0.7379835515844941, 0.7422993981643762, 0.7554315670347145, 0.7452376493432302]
test_f1_score -----> [0.7595020235460456]
val_f1_score -----> [0.6222281236790179, 0.6705914843335696, 0.6843424822230212, 0.6959360896250537, 0.699070371952875, 0.6915133563315654, 0.7056653981226462, 0.707768590071612, 0.7060223266193928, 0.7166143443098383, 0.7172557122792611, 0.7100658867866405, 0.7225520853280678, 0.7074939276397362, 0.7122451319139802, 0.7150390306625307, 0.7241214518364888, 0.7280557784208848, 0.7081507081288543, 0.7182821658843284, 0.7199255472289721, 0.7339501071115293, 0.7181003265575816, 0.7352927576866655, 0.7186723745726147, 0.7295795220981693, 0.7367142638413338, 0.7164969715047005, 0.7244611658161828, 0.7255036819149212]
train_loss -----> [0.6695327716137176, 0.6085512199695564, 0.5845929293258906, 0.568781460702851, 0.5684333358067962, 0.5588171504761862, 0.5468637632557016, 0.5460217746811497, 0.5497988761551144, 0.5356756801568506, 0.5337797501866808, 0.5333781004815858, 0.5322211594253342, 0.5281717025715376, 0.526401974179823, 0.5347595473994375, 0.5256166349070656, 0.5335921850865308, 0.5262565980732876, 0.5206002841933057, 0.5280754941691089, 0.5208943742124933, 0.5156249246573527, 0.5238570350127807, 0.513065944655218, 0.5155430838357712, 0.5197179710519478, 0.5205464644114606, 0.5050048398906773, 0.5212236927363321]
val_loss -----> [0.6436636523083521, 0.609747000642725, 0.5848961990695819, 0.5782783640934539, 0.569664705175537, 0.5764365490223909, 0.5578469821998667, 0.5621395916552157, 0.5570220349876727, 0.5493024780943588, 0.548294244048832, 0.5480825133151838, 0.5407903250810263, 0.5496215770641961, 0.5476077437937797, 0.5366552296254016, 0.5416409514240318, 0.5311916730962355, 0.5541231649684478, 0.5331595561525839, 0.5333782615693838, 0.5253801992884629, 0.5301890085946331, 0.5257458617021369, 0.5431939782323066, 0.5271144585834966, 0.529835116353121, 0.5363658116207468, 0.527493494050997, 0.5390604806912912]
test_loss -----> [0.503468533826841]
val_auc_roc -----> [0.6889600950021498, 0.7282047869617739, 0.7584764849204562, 0.7672908007616552, 0.7754396920619971, 0.780251223357425, 0.7857640097459102, 0.7894545566225097, 0.7964568702524519, 0.794752359697795, 0.8010534182346799, 0.7998812473127085, 0.8024815216723654, 0.8005415532032514, 0.7999682643680515, 0.8075796973853935, 0.8037560656006224, 0.8111115661022501, 0.8080096640117933, 0.8096322761614216, 0.8108351589852787, 0.8167727933498494, 0.81186400769845, 0.8142697733461641, 0.8111525153047645, 0.8144130955549641, 0.8158309616920211, 0.8126829917487356, 0.8153139780102782, 0.8112856002129358]
val_auc_pr -----> [0.6735251940072099, 0.7074331640573881, 0.7442590181460254, 0.7490532346619548, 0.755067554883885, 0.761310432430936, 0.7643983180243349, 0.7718266133727428, 0.7788243874336571, 0.776106966057321, 0.7798524704560326, 0.776987090299209, 0.7831724460528693, 0.782396189613861, 0.7791907790683257, 0.7886286429352141, 0.7847072365428106, 0.7922582956290924, 0.7887352640917993, 0.7884428599851521, 0.7899272867897748, 0.7987459580987961, 0.7942855736696379, 0.794390374204077, 0.7912394332661372, 0.797065111952375, 0.7938412182230729, 0.7884304482842293, 0.7956500314466532, 0.7882376418410006]
test_auc_roc -----> [0.8366655136630925]
test_auc_pr -----> [0.8424474940380119]
cm -----> [[204  50]
 [ 91 244]]
--------
