--------
epochs_index -----> 29
train_acc -----> [0.7253170013427734, 0.8283514380455017, 0.898097813129425, 0.9442934989929199, 0.9581068754196167, 0.9741848111152649, 0.9703351259231567, 0.9850543737411499, 0.9884510636329651, 0.9759963750839233, 0.9834691882133484, 0.9825633764266968, 0.9855072498321533, 0.9868659377098083, 0.9902626872062683, 0.9861866235733032, 0.9898098111152649, 0.9886775612831116, 0.9884510636329651, 0.98097825050354, 0.9884510636329651, 0.9884510636329651, 0.9923007488250732, 0.99660325050354, 0.9893568754196167, 0.9895833134651184, 0.9943387508392334, 0.9909420013427734, 0.9893568754196167, 0.9889039993286133]
test_acc -----> [0.8081493973731995]
val_acc -----> [0.6696832776069641, 0.7760180830955505, 0.8110859990119934, 0.7816742062568665, 0.8167420625686646, 0.7918552160263062, 0.8212669491767883, 0.831447958946228, 0.8303167223930359, 0.7918552160263062, 0.7975113391876221, 0.8359728455543518, 0.814479649066925, 0.8257918357849121, 0.8269230723381042, 0.8167420625686646, 0.820135772228241, 0.8325791954994202, 0.7929864525794983, 0.8280543088912964, 0.8235294222831726, 0.8178732991218567, 0.837104082107544, 0.814479649066925, 0.7895927429199219, 0.8020362257957458, 0.820135772228241, 0.7997737526893616, 0.820135772228241, 0.831447958946228]
train_f1_score -----> [0.7251240715367061, 0.8283257737636426, 0.8980902749464883, 0.9442931875961641, 0.9581067050448047, 0.9741846452250691, 0.9703351384019497, 0.9850543397560174, 0.9884510813598255, 0.9759963274951198, 0.9834691563573282, 0.9825633998985159, 0.9855072294814966, 0.9868659343304997, 0.9902626756556131, 0.9861865828233567, 0.9898097729012885, 0.9886775289049751, 0.9884510766220661, 0.9809782207499116, 0.9884510766220661, 0.9884510813598255, 0.9923007180539348, 0.9966032542974104, 0.9893568785077194, 0.9895833197823081, 0.9943387628211352, 0.9909419775321795, 0.9893568785077194, 0.9889039753818055]
test_f1_score -----> [0.807650397705959]
val_f1_score -----> [0.6409682884087868, 0.7743502425449271, 0.8099279590139281, 0.7780474968470124, 0.8167186225987655, 0.7909553062009855, 0.821087468342728, 0.8314460175521949, 0.8299328402699189, 0.7879476807763208, 0.7967808212281524, 0.8359625599443445, 0.8144026823655466, 0.8253977161440849, 0.8265499613285365, 0.8161057642297374, 0.8200139015343533, 0.8324754230405785, 0.7905676962344728, 0.8277686578279734, 0.8231673489646879, 0.8176770829239587, 0.8370365009769971, 0.8118758385083698, 0.7822809970585458, 0.7982564193813099, 0.8200968351961722, 0.7990514265216418, 0.82011709624576, 0.8313337816253217]
train_loss -----> [0.55667585502986, 0.38538072126634076, 0.24258105115175418, 0.14736074051377704, 0.11441355232899159, 0.0700775952501775, 0.0950510733484665, 0.048271388670806645, 0.04305100882977909, 0.07902561053006635, 0.05145094428311674, 0.05905356253227144, 0.04598561867180672, 0.046141385100424946, 0.032328133945869246, 0.055935954759925015, 0.0321379476771089, 0.03955667147393595, 0.047163098746568814, 0.062098136640745864, 0.03654805836981297, 0.036504109376904514, 0.024769605607352033, 0.01391936714216414, 0.03929124139684688, 0.03942501445008554, 0.025109917027531296, 0.03349346262756752, 0.04229372154062236, 0.04206217556587629]
val_loss -----> [0.5540966202278395, 0.45645623046669875, 0.4797093248716346, 0.6347440438395417, 0.5810767699469317, 0.7291307788581362, 0.6534479280759641, 0.6400826650226975, 0.8545026518278631, 1.113839293492322, 1.0396221305421902, 0.7866165468761351, 0.9122871456177869, 0.8914912806830141, 0.9315280198304908, 1.0157896890897462, 1.0773016732524736, 0.928698356979585, 1.6987340397815844, 0.8249223746819766, 0.9437465690175195, 0.9873392306666957, 0.9918606060496451, 1.3296478132695402, 1.8179208914273177, 1.4927520001310128, 1.1556130221995597, 2.0711848093404486, 1.568640977626472, 1.3015537832368875]
test_loss -----> [1.8284466052884112]
val_auc_roc -----> [0.8751689154603715, 0.8838962142462276, 0.9015555578305112, 0.8871772690976842, 0.9015299645789397, 0.8903047644397124, 0.9080152945271391, 0.9169831698777666, 0.905645359431625, 0.8975860445117831, 0.8910623246862266, 0.907616039802625, 0.9070171577158536, 0.9143573022665383, 0.9117007227534244, 0.9081816506623532, 0.9030732376486968, 0.9129675887062099, 0.8890148645605128, 0.9104927212792531, 0.9083275321963106, 0.9068917507831535, 0.9175231874859237, 0.9144622345979811, 0.89977426752114, 0.9028198644581397, 0.9076825822567106, 0.8916970373251981, 0.8999943694846543, 0.911101840666653]
val_auc_pr -----> [0.8602731729124955, 0.8745521499461583, 0.8955478345275837, 0.8856895362528466, 0.8952949254460221, 0.8850152208681963, 0.908908156318067, 0.9167508762005858, 0.8966753131553287, 0.8891138927663491, 0.8851247871978607, 0.9039353464501182, 0.8993823309922452, 0.9129543771299109, 0.9071137551609838, 0.9046361013722604, 0.899046337883036, 0.909050000177228, 0.8585823207042275, 0.9068331320010949, 0.8996336234438185, 0.898186342710056, 0.9036306680228066, 0.885834945599981, 0.8736458777868197, 0.8838692006019571, 0.8988408610888564, 0.8851922542790279, 0.8893707110068748, 0.8945649033097258]
test_auc_roc -----> [0.8792632307160152]
test_auc_pr -----> [0.854195354480448]
cm -----> [[223  42]
 [ 71 253]]
--------
