--------
epochs_index -----> 39
train_acc -----> [0.6424023509025574, 0.6935483813285828, 0.6965195536613464, 0.696943998336792, 0.7092529535293579, 0.7236841917037964, 0.7194397449493408, 0.7226231098175049, 0.7145586013793945, 0.7158319354057312, 0.7162563800811768, 0.7194397449493408, 0.7160441279411316, 0.7194397449493408, 0.7205008268356323, 0.7188030481338501, 0.7249575257301331, 0.7219864130020142, 0.727292001247406, 0.717954158782959, 0.7281408905982971, 0.727292001247406, 0.7217742204666138, 0.7232597470283508, 0.7209252715110779, 0.727292001247406, 0.7120118737220764, 0.7238964438438416, 0.7311120629310608, 0.7221986651420593, 0.7228353023529053, 0.7294142842292786, 0.7325976490974426, 0.7277164459228516, 0.7277164459228516, 0.7241086363792419, 0.7255942225456238, 0.7319609522819519, 0.7342954277992249, 0.7198641896247864]
test_acc -----> [0.6977928876876831]
val_acc -----> [0.6689304113388062, 0.6672325730323792, 0.6655347943305969, 0.6519524455070496, 0.6655347943305969, 0.6672325730323792, 0.6638370156288147, 0.6774193644523621, 0.6757215857505798, 0.6706281900405884, 0.6706281900405884, 0.6723259687423706, 0.6842105388641357, 0.6672325730323792, 0.6876060962677002, 0.685908317565918, 0.685908317565918, 0.6910017132759094, 0.6893039345741272, 0.685908317565918, 0.6842105388641357, 0.6808149218559265, 0.6876060962677002, 0.6960950493812561, 0.6926994919776917, 0.6825127601623535, 0.6842105388641357, 0.6994906663894653, 0.6825127601623535, 0.6876060962677002, 0.6876060962677002, 0.6808149218559265, 0.6910017132759094, 0.706281840801239, 0.6977928876876831, 0.6910017132759094, 0.6926994919776917, 0.7011884450912476, 0.6977928876876831, 0.7096773982048035]
train_f1_score -----> [0.6423906303462081, 0.6935216585183559, 0.6964735318845354, 0.6968692054866072, 0.7091850659242331, 0.7236555292523157, 0.7193879560308021, 0.7225702928605678, 0.7145347960961582, 0.7157394130368164, 0.7162088010447487, 0.7193879560308021, 0.7159740871784381, 0.7193280256636536, 0.7204654786534173, 0.7187461870189819, 0.7248286085784266, 0.7218894125303998, 0.7272769684603699, 0.7179367629968285, 0.7280859361140932, 0.7272432573556413, 0.721748810891005, 0.7232234071482384, 0.7209174360986164, 0.7272032453190199, 0.7120089611060894, 0.7237841540742476, 0.7310669787385625, 0.7221755003046344, 0.7227933091054342, 0.7293773859691473, 0.732528036413205, 0.7276319548219551, 0.7277075232774746, 0.724066846712897, 0.7254630433896689, 0.7318965974033524, 0.734246384720372, 0.7198273753955]
test_f1_score -----> [0.6975409029169496]
val_f1_score -----> [0.6644580534015447, 0.6670166320339617, 0.6654730861948343, 0.6477940590639895, 0.664881798333803, 0.6672239595564875, 0.6610928950065754, 0.6766354549993076, 0.6756879030741049, 0.670467649095967, 0.6703535688008296, 0.6714736916742772, 0.682959433808766, 0.6664239432104742, 0.6837546930831635, 0.6780536326482478, 0.6857778868224929, 0.6897775103932435, 0.6875603237162042, 0.6819143762561993, 0.6841659120883241, 0.6804824511230149, 0.6803067797624325, 0.6935189845706229, 0.6926994856386325, 0.6802082285432743, 0.6746436159531282, 0.6992687414647784, 0.6803901092548845, 0.67735250902818, 0.685428997683808, 0.679683879102022, 0.6905297993683455, 0.7062784419822035, 0.6969534000091, 0.6827485331318394, 0.6923447590808449, 0.6985600247990026, 0.6976874228900889, 0.7091105958615651]
train_loss -----> [0.6291103868512832, 0.5848008396771237, 0.5726074501492578, 0.5722484347522768, 0.5598297520890086, 0.5531133423434462, 0.5536563374949637, 0.5472173784655506, 0.553466398692698, 0.5558902485919117, 0.5508274457501227, 0.5497376572448248, 0.5550920303234225, 0.5539670456548704, 0.5490126191861363, 0.5507103736766944, 0.5498250145054023, 0.5425650374189099, 0.5477434952564674, 0.5501374605859678, 0.5357451986123022, 0.5380881540540524, 0.5402276889881177, 0.5415194025721732, 0.5429452598752719, 0.5328715462838445, 0.5533047509719641, 0.5461258333688684, 0.5365195941489909, 0.5385604975634398, 0.5421514926266386, 0.5422575988368797, 0.5370876563931161, 0.5333721136044972, 0.5322241632865516, 0.5447332338890118, 0.5388597382551952, 0.5369177454345702, 0.531086829856216, 0.5474491433852399]
val_loss -----> [0.6074771881103516, 0.5765114640061921, 0.5801304542535061, 0.6053763172916464, 0.5756696170649012, 0.5719775366219314, 0.5913805873007388, 0.565708891564124, 0.5697690691496874, 0.5723237421464274, 0.5753884671910386, 0.5703666868644791, 0.5773523242489714, 0.5962132215499876, 0.5686796071964342, 0.5950558266124208, 0.5599627067913879, 0.5560793006742322, 0.5630476263326568, 0.5786443012388979, 0.5885269110267226, 0.5622123602677037, 0.5716789473552962, 0.5530122059422571, 0.5456836354490872, 0.5690467440195986, 0.5959871757674862, 0.5495604278670773, 0.5629941815057317, 0.5967846339618837, 0.5759370443788733, 0.5609283002244462, 0.5553798387582237, 0.5516044660597237, 0.5570950071151193, 0.5930239880407179, 0.5619827537117777, 0.5564936733729128, 0.5544820262773618, 0.5388086146196804]
test_loss -----> [0.5733222623129152]
val_auc_roc -----> [0.7334716937622507, 0.7583535108958838, 0.7565202352127292, 0.7527845036319613, 0.7634728467658249, 0.7667358468811252, 0.7596564049348553, 0.7750490026519081, 0.7710250201775626, 0.7688804335293439, 0.7684768822783351, 0.771174910642223, 0.7702525077827741, 0.7630692955148161, 0.7852646143203044, 0.7774011299435029, 0.77824282255275, 0.7837311195664707, 0.7806064798800876, 0.7779891617664014, 0.7664591260232907, 0.778461893231869, 0.7939236711633806, 0.7903608901187594, 0.7911218724778046, 0.7823936354202696, 0.7836042891732964, 0.789496137438026, 0.7839963103885622, 0.7867519889311657, 0.7777355009800531, 0.7830277873861409, 0.7857834659287444, 0.7882047734347977, 0.7864983281448172, 0.7857949959644875, 0.7863023175371844, 0.7911679926207771, 0.7854375648564511, 0.7998962296783119]
val_auc_pr -----> [0.7121073596927615, 0.7353970050364425, 0.7394933198137199, 0.7390902434321657, 0.7469643145869779, 0.7507138820953094, 0.7473365339925508, 0.7613655396194765, 0.7577684795281607, 0.758696365882394, 0.7609173664801687, 0.7638201453242224, 0.7598572859449981, 0.7592927540998393, 0.7696576648898107, 0.766553272261569, 0.7719878766393301, 0.7706966389401467, 0.7684208323380279, 0.7646493897301189, 0.7639274091399194, 0.7752201906451082, 0.7811608105657241, 0.7787066989676041, 0.782110309203851, 0.7796688199101068, 0.7759512000185516, 0.7815496252960177, 0.7782716587776191, 0.7769230532469846, 0.7749042165788343, 0.7754667593251753, 0.7774448500974718, 0.7777273352470657, 0.7788342011861761, 0.7770340937486996, 0.7798420199856538, 0.7830159841772313, 0.7880899173180949, 0.7901734109478546]
test_auc_roc -----> [0.7788193243399055]
test_auc_pr -----> [0.7836439735383435]
cm -----> [[197  81]
 [ 97 214]]
--------
