--------
epochs_index -----> 29
train_acc -----> [0.5566123127937317, 0.6594203114509583, 0.6929348111152649, 0.7069746255874634, 0.7135416865348816, 0.7117300629615784, 0.7239583134651184, 0.7244112491607666, 0.73097825050354, 0.7334691882133484, 0.7336956262588501, 0.734375, 0.7323369383811951, 0.7379981875419617, 0.7298460006713867, 0.7395833134651184, 0.7456974387168884, 0.7436594367027283, 0.7475090622901917, 0.7379981875419617, 0.7411684989929199, 0.7411684989929199, 0.7379981875419617, 0.74388587474823, 0.7407155632972717, 0.7429800629615784, 0.7475090622901917, 0.7436594367027283, 0.7484148740768433, 0.7420742511749268]
test_acc -----> [0.7504244446754456]
val_acc -----> [0.6459276080131531, 0.6889140009880066, 0.709276020526886, 0.7036198973655701, 0.7160633206367493, 0.7251130938529968, 0.7296379804611206, 0.7319004535675049, 0.7296379804611206, 0.7556561231613159, 0.7364253401756287, 0.7454751133918762, 0.7364253401756287, 0.7432126402854919, 0.7420814633369446, 0.7533936500549316, 0.7477375268936157, 0.7443438768386841, 0.7443438768386841, 0.7386877536773682, 0.7522624731063843, 0.7511312365531921, 0.7522624731063843, 0.7477375268936157, 0.7307692170143127, 0.7466063499450684, 0.7398189902305603, 0.7364253401756287, 0.7443438768386841, 0.7409502267837524]
train_f1_score -----> [0.5565828452483143, 0.6594200054169717, 0.6929316913425985, 0.7069339963940702, 0.7134972194095888, 0.7117192907810804, 0.7238828745643935, 0.724400924273604, 0.7309515456312219, 0.7334114401705698, 0.7336587165139379, 0.7343520960259844, 0.7323303081794155, 0.737979789236783, 0.7297874666129717, 0.7395178773947564, 0.7456776226942496, 0.7436055622245734, 0.7474828314518849, 0.7379481812496717, 0.7411522131879766, 0.7411391505585145, 0.7379943005540301, 0.7438748189410955, 0.7407154550434831, 0.7428708792108956, 0.7474981636067374, 0.7436383816268652, 0.748403999773184, 0.742037112487973]
test_f1_score -----> [0.7500093786891642]
val_f1_score -----> [0.6459235189096513, 0.6885788719009639, 0.708819562530155, 0.7006534681620552, 0.7134136919770431, 0.7238831532053205, 0.7293051154580794, 0.7316501108416715, 0.7277816596169719, 0.7555547539757748, 0.7351642861863393, 0.7449787432219317, 0.7361008028101824, 0.742603640165026, 0.7420484338516647, 0.7529839982726569, 0.7451543836537615, 0.7442967675922064, 0.7439191910538308, 0.7353687803215585, 0.7507438519977282, 0.7492780478260308, 0.7506539622884851, 0.7433948854110031, 0.7244374541765644, 0.7451859427658917, 0.7397710467535147, 0.7361413706989093, 0.7420144578394181, 0.7409101039641532]
train_loss -----> [0.6875772763961467, 0.6253336776533851, 0.5961417253466625, 0.5732904032304665, 0.5612537728055672, 0.5614243126541801, 0.5523369726927385, 0.5381720950961973, 0.541094752433508, 0.5411916353024431, 0.5378111179216185, 0.5331106847826983, 0.5331183670871494, 0.5284698126918591, 0.5271346386576041, 0.5220258053986063, 0.5251179449530181, 0.5237322851367621, 0.5219143323492315, 0.524865783616037, 0.5246950326406441, 0.5225842482531845, 0.518930277908625, 0.5137032459125569, 0.5187656121949362, 0.5150572532598956, 0.511076418358995, 0.5175625364417618, 0.5129411495358189, 0.5194068562941276]
val_loss -----> [0.627540459235509, 0.5873906443247926, 0.5677596268890139, 0.5531566829026282, 0.5513808893727825, 0.5389417756248164, 0.5327799849145046, 0.5282387601899668, 0.5273628849703984, 0.5175984266910466, 0.526350876232525, 0.5204192563757165, 0.5201622892070462, 0.5167585567042633, 0.5147999706300527, 0.5117598241782401, 0.5219341691012855, 0.5168548705610068, 0.5139692684820107, 0.527381353147395, 0.5145624267893868, 0.5196439184852549, 0.519437828847954, 0.5314427749799178, 0.5376524950738425, 0.5175181531959825, 0.516376393603849, 0.5111770948042738, 0.5223385901064485, 0.5108306547542951]
test_loss -----> [0.5030420543374241]
val_auc_roc -----> [0.6971806474068917, 0.7518734260150284, 0.7760232181978255, 0.7928431031305665, 0.7995741282938515, 0.8026504371327368, 0.8102567514997645, 0.8110245490469074, 0.8130105853688497, 0.820785815196249, 0.8130924837738785, 0.8180831678303064, 0.8167216068467067, 0.8204531029258206, 0.8222343932351919, 0.82496775250302, 0.8225415122540488, 0.8228691058741632, 0.8216815790012489, 0.8229714788804489, 0.8259761266149342, 0.8234884625621915, 0.8207806965459348, 0.8236164288200487, 0.8254693802338199, 0.8230738518867345, 0.8215689686943346, 0.82597100796462, 0.8227667328678774, 0.8251724985155915]
val_auc_pr -----> [0.6798026900368963, 0.7365626922329613, 0.7594423228766867, 0.781442341102751, 0.7881639614359375, 0.7937047227465144, 0.8025296660089173, 0.8025864612787269, 0.8059937126912484, 0.812881607466688, 0.806441100743273, 0.8060486004394438, 0.8085208354532493, 0.8109844852110195, 0.811184939802675, 0.8146179569152578, 0.8130099982186783, 0.8140345469181322, 0.8128591595436524, 0.8139592827772621, 0.8137614767543155, 0.8110372285980688, 0.8107928481411628, 0.8106896517875357, 0.8108769135718403, 0.8120275890134285, 0.8133329543168046, 0.8126625288363747, 0.8112883401213823, 0.8190028800119433]
test_auc_roc -----> [0.8322033898305083]
test_auc_pr -----> [0.8426968005128047]
cm -----> [[233  85]
 [ 62 209]]
--------
