--------
epochs_index -----> 39
train_acc -----> [0.6871816515922546, 0.7185908555984497, 0.7342954277992249, 0.7446944117546082, 0.7493633031845093, 0.7514855861663818, 0.756154477596283, 0.7729201912879944, 0.7735568881034851, 0.7729201912879944, 0.7752546668052673, 0.7807725071907043, 0.7826825380325317, 0.7837436199188232, 0.7939304113388062, 0.7922325730323792, 0.7996604442596436, 0.7943548560142517, 0.8096349835395813, 0.8043293952941895, 0.8155772686004639, 0.8079372048377991, 0.8179117441177368, 0.8143039345741272, 0.8128183484077454, 0.8166383504867554, 0.8266128897666931, 0.8274617791175842, 0.833616316318512, 0.8283106684684753, 0.8287351727485657, 0.8304329514503479, 0.8340407609939575, 0.8287351727485657, 0.8418930172920227, 0.8363752365112305, 0.8359507918357849, 0.8361629843711853, 0.8435908555984497, 0.8365874290466309]
test_acc -----> [0.833616316318512]
val_acc -----> [0.7453310489654541, 0.7487266659736633, 0.755517840385437, 0.7674023509025574, 0.7877758741378784, 0.7775891423225403, 0.784380316734314, 0.7758913636207581, 0.784380316734314, 0.7928692698478699, 0.8098471760749817, 0.7538200616836548, 0.7962648272514343, 0.804753839969635, 0.7979626655578613, 0.7962648272514343, 0.804753839969635, 0.8115450143814087, 0.8064516186714172, 0.7996604442596436, 0.7979626655578613, 0.8302206993103027, 0.823429524898529, 0.8183361887931824, 0.8285229206085205, 0.8132427930831909, 0.825127363204956, 0.8268251419067383, 0.8353140950202942, 0.8404074907302856, 0.825127363204956, 0.8455008268356323, 0.8285229206085205, 0.833616316318512, 0.8471986651420593, 0.8302206993103027, 0.8556876182556152, 0.8421052694320679, 0.8590831756591797, 0.8488964438438416]
train_f1_score -----> [0.6871044881774494, 0.7185591373281801, 0.734260510344638, 0.7445259283263637, 0.7493031521164764, 0.7513573505989134, 0.7560635135120943, 0.7728641793274452, 0.7734527853999147, 0.7728641793274452, 0.7751472248872587, 0.7806717217882341, 0.7825845858490692, 0.7836361915804464, 0.7938809141866716, 0.7921930490202108, 0.7996136497088798, 0.794294047321857, 0.8095964736714285, 0.8041515035135964, 0.8154856228980804, 0.8077886135044643, 0.8177461927274245, 0.8141079102489261, 0.8126927675992244, 0.8164899565908287, 0.8265234446359719, 0.8273402878943457, 0.8335255697812938, 0.8281654327508281, 0.8285816475888023, 0.8302852464225716, 0.8339365996806543, 0.8285859748473272, 0.8417988028166687, 0.8362562580103494, 0.835849553716134, 0.8360601725108108, 0.8434841776469288, 0.8364511881968657]
test_f1_score -----> [0.8330923635354294]
val_f1_score -----> [0.740171508346755, 0.7486041847145614, 0.7548387046648197, 0.7654307300369556, 0.7877734393419178, 0.7770106388501814, 0.7824134220178971, 0.7740619283406598, 0.7840790627467427, 0.792854337485184, 0.8091733727567627, 0.7435262131583884, 0.7927224049749594, 0.803336609212685, 0.7950681341393961, 0.7943387831661638, 0.8017920164025498, 0.8111181360674795, 0.805509205982007, 0.7988667357427248, 0.792210289893323, 0.828127548320104, 0.8233883008205547, 0.8172213230015279, 0.8284517088999629, 0.8123334441928726, 0.8226219977900808, 0.8254114889470618, 0.8352836997848707, 0.8392019002156501, 0.8249638579062906, 0.8454135071239264, 0.8279496139485197, 0.8333160020953101, 0.8470712405610133, 0.8301967246016992, 0.855485985216337, 0.8420160018957477, 0.8584941928700824, 0.8487551775082494]
train_loss -----> [0.5907391940697346, 0.5505144148559042, 0.5346305832039121, 0.5120046241098227, 0.5033463187427191, 0.49703895786369195, 0.4904205873861578, 0.4722222542115098, 0.4786196549269665, 0.46068592824939997, 0.4553174724982629, 0.4517587394230639, 0.44945095519334427, 0.43991048202070404, 0.4356964176523867, 0.4298635613116323, 0.4203746703489729, 0.42525930904762715, 0.4119091208372738, 0.41869801634539966, 0.40687962775774894, 0.40054377749663445, 0.39979945586801374, 0.3912927168176361, 0.3983832314952018, 0.39279543027180586, 0.3857419503621865, 0.3734541807216174, 0.37845482510879797, 0.3797314636668602, 0.37468072351112575, 0.3700636562896046, 0.36137908652222406, 0.3679607689146631, 0.3535505484422774, 0.35934579940686684, 0.35002660861710033, 0.36296047616262966, 0.3488349955661791, 0.3508535518369468]
val_loss -----> [0.5344560297357073, 0.5016365786259235, 0.5091375060178138, 0.4911246712546091, 0.4659270527395041, 0.46117677620133846, 0.45853876725241943, 0.4565280361755475, 0.46135553757886616, 0.44079154911073487, 0.4188834509334048, 0.5311881074228801, 0.43647180457372925, 0.4237540138734355, 0.4261149149891495, 0.43514381852504364, 0.428018600252029, 0.3950949360591334, 0.4310873819867501, 0.42969144296807216, 0.4585849750484967, 0.41202643453269405, 0.4157398541936198, 0.40826538436718884, 0.3882285882089588, 0.41251507552491645, 0.3971781622920488, 0.3805840363272945, 0.3752075429200322, 0.36801303973471794, 0.3693130824563874, 0.38362131771203634, 0.40529385782979627, 0.37532934163873266, 0.3666332548333182, 0.38534568144461584, 0.3496857820632491, 0.3840192871520648, 0.3659142457150124, 0.3506422428967985]
test_loss -----> [0.3908669048970615]
val_auc_roc -----> [0.8404243053153465, 0.8382566585956417, 0.840897036780814, 0.843802605788078, 0.8704254583189208, 0.86286175487144, 0.8741611898996887, 0.8691571543871786, 0.8699988469964257, 0.8775394903724203, 0.894903724201545, 0.8634382566585955, 0.893024328375418, 0.8955724662746454, 0.8971290210999655, 0.8977516430300934, 0.8991006572120374, 0.9004842615012105, 0.8904185402974749, 0.8952035051308659, 0.904058572581575, 0.9071370921249856, 0.8968523002421308, 0.8998039893923672, 0.9043929436181252, 0.8946500634151966, 0.9091433183442869, 0.9113224950997347, 0.9104577424190015, 0.9178369652945924, 0.9163841807909604, 0.9105730427764327, 0.9143433644644299, 0.9192666897267382, 0.9218032975902226, 0.9145393750720626, 0.9226565202352126, 0.9155886083246857, 0.9175487144010147, 0.9218032975902225]
val_auc_pr -----> [0.8330649145940802, 0.8328888358195148, 0.8315756197285165, 0.834399377040492, 0.8587849953638909, 0.8530278023041531, 0.8607932658110368, 0.8572081424814011, 0.85111207649666, 0.8622447643253749, 0.8839217519790792, 0.8466107464489508, 0.8846413195907898, 0.8846461393824405, 0.8842798929606661, 0.8812938073591791, 0.881032694596589, 0.8832721405574993, 0.8692248764775956, 0.874758536114858, 0.8862556328033467, 0.8900106155251997, 0.8767593819701144, 0.8843299478250195, 0.8865982034501716, 0.8770993475357297, 0.8897718260396174, 0.8915195161422818, 0.8928235819056753, 0.8990190001151264, 0.8973368356166828, 0.8952952217048653, 0.895130734442613, 0.9012327633661251, 0.9070072298679376, 0.9027021432211367, 0.9065794175189439, 0.9018129655425523, 0.9001151061584897, 0.9081808161860466]
test_auc_roc -----> [0.9110169491525425]
test_auc_pr -----> [0.8998227451469347]
cm -----> [[229  33]
 [ 65 262]]
--------
