--------
epochs_index -----> 29
train_acc -----> [0.6680253744125366, 0.70652174949646, 0.7178441882133484, 0.72214674949646, 0.7210144996643066, 0.7332427501678467, 0.7490941882133484, 0.7382246255874634, 0.734375, 0.7432065010070801, 0.74388587474823, 0.7370923757553101, 0.7407155632972717, 0.7434329986572266, 0.7364130616188049, 0.7511322498321533, 0.7506793737411499, 0.7579257488250732, 0.7545289993286133, 0.7484148740768433, 0.75339674949646, 0.7484148740768433, 0.7522644996643066, 0.7572463750839233, 0.7601901888847351, 0.75611412525177, 0.7590579986572266, 0.7524909377098083, 0.7558876872062683, 0.7649456262588501]
test_acc -----> [0.7028862237930298]
val_acc -----> [0.7036198973655701, 0.7070135474205017, 0.7443438768386841, 0.7567873597145081, 0.7488687634468079, 0.7183257937431335, 0.7420814633369446, 0.7522624731063843, 0.7533936500549316, 0.7613122463226318, 0.75, 0.7466063499450684, 0.7477375268936157, 0.7624434232711792, 0.7488687634468079, 0.7138009071350098, 0.7624434232711792, 0.7579185366630554, 0.7613122463226318, 0.7443438768386841, 0.766968309879303, 0.766968309879303, 0.7511312365531921, 0.7613122463226318, 0.7432126402854919, 0.7692307829856873, 0.766968309879303, 0.7624434232711792, 0.7432126402854919, 0.7624434232711792]
train_f1_score -----> [0.6680236549652603, 0.7065099349609454, 0.7178254451564319, 0.7221227809838909, 0.7209842126009491, 0.7332208602355864, 0.7490867867064976, 0.7382155579756027, 0.7343738916864859, 0.7432060426803029, 0.7438811233360161, 0.7370922649655535, 0.7407058816211951, 0.7434149534012273, 0.7364129844087244, 0.7511254902205297, 0.75066541919994, 0.757908724506308, 0.7545067740123963, 0.748390993666973, 0.7533938888260931, 0.7484111215949194, 0.7522545276515181, 0.7572302378306608, 0.7601653078272843, 0.7561138127737037, 0.7590453134865587, 0.7524652328850865, 0.7558455586672923, 0.7649408257051027]
test_f1_score -----> [0.7028725393327866]
val_f1_score -----> [0.7033632983517186, 0.704148016644228, 0.7443111668440012, 0.7565252987551717, 0.7487864773195645, 0.7162835670870977, 0.7381734237276376, 0.7516748773394475, 0.7533620988133467, 0.7610183231012271, 0.7499843181337646, 0.7446180622216275, 0.7452702993538043, 0.7623996509469735, 0.7477830335144222, 0.7021273714048223, 0.7617409646671933, 0.7570779864533044, 0.7581552096034786, 0.7438193667749065, 0.7652330808289649, 0.7669635494463045, 0.75051313128447, 0.7611211594897256, 0.7409287978304826, 0.7672278880271042, 0.7669253717856654, 0.7612691112250217, 0.7431728977721357, 0.762432489672136]
train_loss -----> [0.6132036517171762, 0.566385633379653, 0.5503455568374941, 0.5486474021243449, 0.5445382657420373, 0.5411078567630148, 0.5200364880695729, 0.5299509144725572, 0.5267992052047147, 0.5212984974023656, 0.5196697589387929, 0.5195476301824277, 0.5181844011893959, 0.5166936288925189, 0.5224106483215432, 0.5110544579346542, 0.5037260992533487, 0.5013134791583249, 0.5055176668624949, 0.5163795301231785, 0.5141472765986895, 0.5100135854782832, 0.5077045237024622, 0.5037504442414084, 0.5020577888665855, 0.5045578283514237, 0.5011211190156746, 0.5078445498332163, 0.5024386302608509, 0.4958755888476757]
val_loss -----> [0.6484889245785032, 0.6051163211599125, 0.5632980605503458, 0.5396898520422413, 0.5238955235696059, 0.5970426942851091, 0.5330978376908344, 0.5282351637745762, 0.541414222738764, 0.5106351133939387, 0.6656043424799637, 0.5213261589005188, 0.5212424386728993, 0.5192507909493407, 0.5408867114299052, 0.5675932782458827, 0.5124137444539112, 0.5038806653774538, 0.5220722711838046, 0.5505021524590412, 0.518496097745122, 0.5470824061750291, 0.5258292771942978, 0.5156450957596841, 0.6504940500667501, 0.5000153990747693, 0.5295357752490691, 0.5170672734578448, 0.5826322958544567, 0.5154368548511384]
test_loss -----> [0.6506837445336421]
val_auc_roc -----> [0.7658038328453552, 0.7937567822116665, 0.8058521529043221, 0.8154854527958068, 0.8222164779590917, 0.7955739030732376, 0.8288656047173483, 0.8239977682684629, 0.8197595258082349, 0.8329144571159476, 0.797053193014066, 0.8276115353903483, 0.8320647611637764, 0.8275040437337482, 0.8134482299707213, 0.8350694088982616, 0.8329246944165762, 0.8358269691447759, 0.8321876087713191, 0.8186027108372064, 0.8341582891423189, 0.8181471509592351, 0.8286915706066624, 0.8302578776028336, 0.8049359144980651, 0.846258778485289, 0.8263011609098913, 0.8300531315902623, 0.8120866689871217, 0.8303090641059765]
val_auc_pr -----> [0.7629902277549439, 0.7852418648328024, 0.7957475950468776, 0.7994518817140294, 0.7997486237034097, 0.7867369711693452, 0.8047057318740799, 0.8062369544807142, 0.806311606948425, 0.8091536297382713, 0.7955852325259269, 0.8083400179089766, 0.8070203150695268, 0.8115517145956406, 0.7908636575337737, 0.8057062148613391, 0.8106297537686189, 0.8150107641123008, 0.8022524831284457, 0.8027340851685415, 0.8059078713854927, 0.8001426533901199, 0.8066427716608116, 0.8114158606713824, 0.7944201650340177, 0.8187721964014061, 0.8057219620966259, 0.8046820449361651, 0.7961261578516123, 0.812329947913176]
test_auc_roc -----> [0.7594027441485067]
test_auc_pr -----> [0.75853387330052]
cm -----> [[205  86]
 [ 89 209]]
--------
