--------
epochs_index -----> 15
train_acc -----> [0.7013651877133101, 0.802047781569966, 0.8114334470989761, 0.8242320819112625, 0.8276450511945393, 0.8242320819112626, 0.8327645051194541, 0.8319112627986347, 0.8404436860068262, 0.8233788395904436, 0.8677474402730377, 0.857508532423208, 0.8472696245733787, 0.8302047781569967, 0.8447098976109212, 0.8370307167235493]
test_acc -----> [0.9523809523809523]
val_acc -----> [0.8035714285714286, 0.8541666666666665, 0.8660714285714286, 0.8779761904761905, 0.8779761904761905, 0.869047619047619, 0.8928571428571429, 0.8988095238095237, 0.8809523809523808, 0.8898809523809521, 0.880952380952381, 0.8898809523809521, 0.8809523809523809, 0.889880952380952, 0.8720238095238095, 0.8988095238095237]
train_f1_score -----> [0.30789858200241804, 0.6267024133599028, 0.6750853156154344, 0.6587030633992037, 0.6860068173953358, 0.6779294569448616, 0.6856655203994313, 0.7202177708978063, 0.700113756959765, 0.6968145534328594, 0.7407280910562758, 0.7354948715282331, 0.7426621067265264, 0.7105476915462703, 0.734926043135988, 0.7052332109072054]
test_f1_score -----> [0.8349206249708996]
val_f1_score -----> [0.7062358194546471, 0.6284580420656923, 0.7067460232156743, 0.6928571343280426, 0.6837301502389551, 0.6840135972309698, 0.745634911500331, 0.7870748204997707, 0.806916090156252, 0.7727891064908419, 0.7392857051087964, 0.7452380860512569, 0.7767573603669002, 0.7356008978957187, 0.7839002174780113, 0.7832199451774647]
train_loss -----> [0.5757835335495529, 0.45568995009917035, 0.4241646187500742, 0.4076705218226023, 0.3963572602502926, 0.3866100011730355, 0.3902920716451702, 0.3677798572406428, 0.3811923414850194, 0.3712711024762421, 0.33822861426977135, 0.3545896648190942, 0.3267698081737899, 0.35017239962269003, 0.3409219203650341, 0.36447908142549806]
val_loss -----> [0.5212955698370937, 0.3897807466841878, 0.3612072990231571, 0.33540298643388916, 0.32533033702167713, 0.3291799983098392, 0.29599033956903786, 0.29469703714407625, 0.34429725348239854, 0.3010011202921825, 0.2936969448679258, 0.2881096376638327, 0.3083114186080085, 0.2769619441990341, 0.3197314661838826, 0.2769099647134898]
test_loss -----> [0.20197981724604258]
cm -----> [[99  3]
 [ 5 61]]
--------
