--------
epochs_index -----> 39
train_acc -----> [0.6177843809127808, 0.6810271739959717, 0.6886672377586365, 0.6939728260040283, 0.6994906663894653, 0.706281840801239, 0.7058573961257935, 0.7081918716430664, 0.7022495865821838, 0.6980050802230835, 0.7122241258621216, 0.7132852077484131, 0.7145586013793945, 0.712436318397522, 0.7050085067749023, 0.7154074907302856, 0.7137096524238586, 0.7175297141075134, 0.7134974598884583, 0.6997028589248657, 0.7149830460548401, 0.7084040641784668, 0.711799681186676, 0.7060695886611938, 0.7064940333366394, 0.7164685726165771, 0.7088285088539124, 0.7141340970993042, 0.706918478012085, 0.7198641896247864, 0.7141340970993042, 0.7149830460548401, 0.721137523651123, 0.7232597470283508, 0.7164685726165771, 0.7247453331947327, 0.7173174619674683, 0.7077674269676208, 0.7175297141075134, 0.7171052694320679]
test_acc -----> [0.6943972706794739]
val_acc -----> [0.6434634923934937, 0.6621392369270325, 0.6774193644523621, 0.6757215857505798, 0.6876060962677002, 0.6960950493812561, 0.6774193644523621, 0.6910017132759094, 0.6876060962677002, 0.6791171431541443, 0.6808149218559265, 0.6893039345741272, 0.6689304113388062, 0.6706281900405884, 0.6757215857505798, 0.6689304113388062, 0.6808149218559265, 0.6791171431541443, 0.6842105388641357, 0.6791171431541443, 0.6910017132759094, 0.6842105388641357, 0.685908317565918, 0.6706281900405884, 0.6926994919776917, 0.6876060962677002, 0.6910017132759094, 0.6808149218559265, 0.685908317565918, 0.6977928876876831, 0.6791171431541443, 0.6943972706794739, 0.6757215857505798, 0.6960950493812561, 0.6943972706794739, 0.6977928876876831, 0.685908317565918, 0.6910017132759094, 0.6943972706794739, 0.7028862237930298]
train_f1_score -----> [0.6168475191595815, 0.6810005942922905, 0.6886631751438408, 0.6939728303111462, 0.6994893036639974, 0.7062817756981175, 0.7058573803959854, 0.7081429331538209, 0.7021335387767733, 0.6980001781289642, 0.712171004953011, 0.7131782487078504, 0.7144612284763685, 0.7124325847030921, 0.7049948783226444, 0.7153499146207596, 0.7137059459294806, 0.7175158512173219, 0.7134509870631338, 0.6996863120793303, 0.7149570199746308, 0.7083359712408093, 0.7117464784190233, 0.7060265868045144, 0.7064892805004855, 0.7163651111491844, 0.7087713817186058, 0.7141103125290207, 0.7068481406210523, 0.7198326253719272, 0.7141330777440185, 0.7148902402751717, 0.7210759600695604, 0.7232377688453842, 0.7162966486226467, 0.7247408505992565, 0.7172096795690808, 0.7077591709642957, 0.7174618934949082, 0.7170771097866715]
test_f1_score -----> [0.6943963976053269]
val_f1_score -----> [0.6428200102350226, 0.6619482248459321, 0.6774184199741728, 0.6756879030741049, 0.6874538524914768, 0.6960635318841139, 0.6773961021681443, 0.6909580429025147, 0.6874033685401795, 0.6789357509827834, 0.680806654879163, 0.6882651461789391, 0.668284013529638, 0.6694610243398056, 0.6757215569465095, 0.6683797896997024, 0.680806654879336, 0.6788801819050891, 0.6839472358593809, 0.6763971404119722, 0.6908510931705787, 0.6816327192491363, 0.6843030802664073, 0.6693232806398111, 0.6926853122824991, 0.6856042095431978, 0.6894971563972927, 0.679683879102022, 0.6844530111804153, 0.6968412358268143, 0.6784906591126197, 0.6933143521183105, 0.6753472322360086, 0.696091567312124, 0.6936546413123457, 0.6969534000091, 0.6859083141617833, 0.6888482476546643, 0.6943259089439566, 0.7028725393327866]
train_loss -----> [0.6490417908124485, 0.6060043478254948, 0.5866537090068354, 0.5898935631398232, 0.5812424403601063, 0.5734453829723223, 0.5686793198812189, 0.5677551176076433, 0.5766406727666977, 0.5761778560579338, 0.5640089423324532, 0.5637663127206177, 0.5631756890052843, 0.5606769958356035, 0.5670206464055442, 0.5603562290377041, 0.5590138797140688, 0.5533506600328535, 0.5615569466696531, 0.5696354445405235, 0.5603096444659398, 0.5655149767374553, 0.5658053370708114, 0.5592676404174205, 0.5649832354286125, 0.5556363159812767, 0.5637518239598119, 0.5545579046010969, 0.5629186454926364, 0.5471447098032522, 0.5603036439277111, 0.5555754558693978, 0.5541762592229864, 0.5553775591892787, 0.55888759518115, 0.5524185834696013, 0.5514121753857781, 0.55866349702274, 0.5526997232477614, 0.5545467914213349]
val_loss -----> [0.6287886089569813, 0.6119094329911311, 0.602651497399485, 0.6010670549160727, 0.588672133313643, 0.5927517450339085, 0.5880501286403551, 0.5838905307086741, 0.5799816883093603, 0.5856799322205617, 0.5810012015941982, 0.5819269362333657, 0.5796647478599808, 0.5788120341462059, 0.5782186284258558, 0.5737985803468806, 0.5684073349914034, 0.572513628650356, 0.5771667957305909, 0.5764640750917228, 0.571876687778009, 0.5721280506333788, 0.5729056955189317, 0.5740679329311527, 0.5688947564041295, 0.5689635385532636, 0.5718444384433129, 0.5717863984204629, 0.5720510571389585, 0.567876850833764, 0.5716368620460097, 0.5695129395336718, 0.5725975552120723, 0.5620516067421113, 0.5637237002720706, 0.565889631171484, 0.5665395557880403, 0.5713409471350747, 0.5624609863435901, 0.5623112192025057]
test_loss -----> [0.5979282791550096]
val_auc_roc -----> [0.7025366078634844, 0.7230831315577078, 0.7335985241554248, 0.7346246973365617, 0.7511126484492101, 0.7439755563242245, 0.7488412314078172, 0.7553095814597025, 0.7586187017179753, 0.7487144010146431, 0.7550905107805834, 0.7594258042199931, 0.7550098005303816, 0.7580191398593334, 0.7572927476075176, 0.7585264614320304, 0.7677966101694915, 0.7621814827625966, 0.7590914331834429, 0.7614435604750375, 0.7637034474806872, 0.7653637726276951, 0.7625850340136054, 0.7626772742995503, 0.7676121295976017, 0.7689034936008302, 0.7661593450939699, 0.7656520235212729, 0.7656520235212729, 0.7696644759598755, 0.7628848149429264, 0.7692839847803528, 0.7596218148276259, 0.7769860486567508, 0.7800530381644184, 0.769733656174334, 0.7705753487835812, 0.7671509281678773, 0.7740804796494869, 0.7743456704715785]
val_auc_pr -----> [0.6793852847432384, 0.7048123765121383, 0.7212735311066407, 0.7173188046699294, 0.7413908602590422, 0.7288331942131452, 0.7294487799011329, 0.7364811018744748, 0.7450834973892408, 0.7385608477874318, 0.737367095775042, 0.7403645495416034, 0.7417272007781577, 0.7435225026257362, 0.7377968458921075, 0.745156511534812, 0.7462537821706747, 0.7415578182270337, 0.7449204922668511, 0.7429614222311998, 0.7461481736355324, 0.7453373140708544, 0.7437943735010641, 0.7452554767421635, 0.7435876827580223, 0.7546779330924553, 0.7439801896117537, 0.7426756813492749, 0.7416287680712842, 0.7447694041810957, 0.7367801008495511, 0.7355345870320777, 0.7427675522389394, 0.7503850306874655, 0.7529841543383344, 0.7444305128463906, 0.7511063046821753, 0.7462010846252909, 0.7499097857202776, 0.7481047100623284]
test_auc_roc -----> [0.7482647296206618]
test_auc_pr -----> [0.70397498619663]
cm -----> [[205  91]
 [ 89 204]]
--------
