--------
epochs_index -----> 29
train_acc -----> [0.7171648740768433, 0.8292572498321533, 0.9039855003356934, 0.9418025612831116, 0.9694293737411499, 0.9714673757553101, 0.9773550629615784, 0.9789401888847351, 0.9778079986572266, 0.984375, 0.9907155632972717, 0.984375, 0.979619562625885, 0.9873188138008118, 0.9798460006713867, 0.9889039993286133, 0.9889039993286133, 0.9850543737411499, 0.9943387508392334, 0.9886775612831116, 0.9909420013427734, 0.9864130616188049, 0.9893568754196167, 0.99388587474823, 0.9898098111152649, 0.9861866235733032, 0.9866394996643066, 0.9909420013427734, 0.989130437374115, 0.995244562625885]
test_acc -----> [0.7826825380325317]
val_acc -----> [0.7839366793632507, 0.7963801026344299, 0.820135772228241, 0.790723979473114, 0.790723979473114, 0.7895927429199219, 0.8088235259056091, 0.8099547624588013, 0.7760180830955505, 0.8009049892425537, 0.7975113391876221, 0.8020362257957458, 0.8042986392974854, 0.8156108856201172, 0.8065611124038696, 0.8054298758506775, 0.7839366793632507, 0.814479649066925, 0.8099547624588013, 0.8156108856201172, 0.8190045356750488, 0.8122171759605408, 0.8291855454444885, 0.7816742062568665, 0.8235294222831726, 0.7975113391876221, 0.7771493196487427, 0.8122171759605408, 0.8280543088912964, 0.7975113391876221]
train_f1_score -----> [0.716959315610472, 0.8291954397503734, 0.9039810708398693, 0.9418021701222404, 0.9694292158422804, 0.9714672926592525, 0.9773549931413255, 0.9789402113069408, 0.9778079478021922, 0.9843749941943034, 0.9907155704207733, 0.9843749877843929, 0.9796195225895139, 0.9873188329741156, 0.9798460084548344, 0.9889039799337724, 0.9889039753818075, 0.9850543397560204, 0.9943387558538352, 0.9886775289049793, 0.9909420221230784, 0.9864130273261202, 0.9893568654091935, 0.9938858617389636, 0.9898097519993686, 0.9861865714898763, 0.9866394870640378, 0.9909420221230754, 0.9891304275485959, 0.995244558018186]
test_f1_score -----> [0.7812898833750157]
val_f1_score -----> [0.7826883202556267, 0.7945247884167208, 0.8201336700739912, 0.7905285664336494, 0.7900250959483621, 0.7876756148631596, 0.8088232797517837, 0.809907068172391, 0.7699127093966613, 0.8003644059073018, 0.7961966166668648, 0.802029860702724, 0.8041159023394904, 0.8155577493475714, 0.8064518557042777, 0.8052055151552205, 0.783889909956971, 0.8143846229749537, 0.8097053889239068, 0.8155577493475714, 0.818911827170197, 0.8115651659392424, 0.8291800505461266, 0.7789011879379424, 0.8229166616654796, 0.7966052843775415, 0.773447445070519, 0.8121210208773321, 0.8279054228910206, 0.7962700881640359]
train_loss -----> [0.5576707920383492, 0.38442143444579263, 0.23499407383749973, 0.1513146125099688, 0.0822421105792774, 0.07444998262505668, 0.07261774446697584, 0.060801438488521, 0.06581768447985897, 0.04777876053158685, 0.039536847120160944, 0.04519372406732236, 0.0708872771866646, 0.04755302047534758, 0.05909104361927725, 0.036890227616674875, 0.03909405477493675, 0.05155222675230298, 0.01779038702691666, 0.046439199135829515, 0.028475275907966283, 0.043822545038093935, 0.04004804637882371, 0.023985388242547836, 0.039769485207624716, 0.06471432685609319, 0.06311236752001684, 0.030829450372501708, 0.04131030921521645, 0.021437788114905265]
val_loss -----> [0.4802577888911907, 0.44685962990866035, 0.5003048559768241, 0.570048882886096, 0.9911454268143858, 1.0580121092162698, 1.0160660046862797, 1.0761968905217878, 1.2850905289644843, 1.1004288146825012, 1.2273097649334117, 1.2574954428177785, 1.2516883496886757, 1.1906078360771066, 1.3155188918263678, 1.5147311934570837, 1.6192624509164268, 1.2306841350575335, 1.7067594861186053, 1.479661978905154, 1.4331163742318564, 1.6357891893992043, 1.455362948784102, 2.16616058005478, 2.0791747594900203, 1.9370037975978873, 2.967367132583833, 1.9609947858354955, 2.050202910393071, 2.4310567943194052]
test_loss -----> [2.4649123069815753]
val_auc_roc -----> [0.8685325853279008, 0.8863659630228702, 0.8870160316127843, 0.8804948711123851, 0.8821277205626421, 0.8756270346635, 0.8861381830838845, 0.892628631682398, 0.8791717000061424, 0.8869520484838558, 0.877172867058414, 0.8799958027067423, 0.8877044900800557, 0.8830439589688991, 0.8853908601379988, 0.8889995086095699, 0.8768145615364141, 0.8975399766589546, 0.8770909686533855, 0.8890609324133413, 0.8929408693515694, 0.8779125120288283, 0.8935167175119265, 0.8943408202125264, 0.8818026862676849, 0.8974196883765688, 0.8868701500788272, 0.8747210335578715, 0.8896086279969697, 0.8648190045248868]
val_auc_pr -----> [0.8692759114944604, 0.8759968191902774, 0.8800253620664289, 0.8714391923097499, 0.8750447857350157, 0.8552429153012089, 0.87343217988966, 0.8864492178356487, 0.8648406466497268, 0.8762447394312726, 0.8589302900990949, 0.8652018904339565, 0.8753130180833125, 0.8626721710047645, 0.8645629081246634, 0.868489225357194, 0.8668398627680778, 0.8849055327778611, 0.8489587421554563, 0.8703928054867082, 0.876754667461617, 0.8464535616173763, 0.8728545245130476, 0.8883201347110545, 0.8409588813642513, 0.8880621431898065, 0.8841162539484783, 0.8434013685474125, 0.8595121219761298, 0.8176992285454905]
test_auc_roc -----> [0.8696241208347746]
test_auc_pr -----> [0.8369331090238199]
cm -----> [[207  41]
 [ 87 254]]
--------
