--------
epochs_index -----> 29
train_acc -----> [0.6630434989929199, 0.7341485619544983, 0.7423007488250732, 0.7488677501678467, 0.7592844367027283, 0.7651721239089966, 0.7753623127937317, 0.7653985619544983, 0.7746829986572266, 0.7762681245803833, 0.7710598111152649, 0.7857789993286133, 0.7801177501678467, 0.7832880616188049, 0.7821558117866516, 0.786005437374115, 0.7864583134651184, 0.788722813129425, 0.79347825050354, 0.7869112491607666, 0.7866848111152649, 0.78736412525177, 0.7896286249160767, 0.7903079986572266, 0.7991394996643066, 0.7995923757553101, 0.8014039993286133, 0.7975543737411499, 0.7980072498321533, 0.796875]
test_acc -----> [0.774193525314331]
val_acc -----> [0.7183257937431335, 0.7522624731063843, 0.7635746598243713, 0.7703620195388794, 0.7760180830955505, 0.7703620195388794, 0.7828054428100586, 0.7579185366630554, 0.7782805562019348, 0.7828054428100586, 0.7782805562019348, 0.779411792755127, 0.7828054428100586, 0.7703620195388794, 0.779411792755127, 0.7816742062568665, 0.7771493196487427, 0.7828054428100586, 0.7839366793632507, 0.7839366793632507, 0.7861990928649902, 0.7816742062568665, 0.7895927429199219, 0.7839366793632507, 0.7828054428100586, 0.790723979473114, 0.7884615659713745, 0.7895927429199219, 0.7929864525794983, 0.7805429697036743]
train_f1_score -----> [0.6630279215430464, 0.7340380752161322, 0.7421577108614111, 0.7487790015597585, 0.7591821535163938, 0.7651382661454807, 0.7752376524114934, 0.7652193515779347, 0.7746505058867292, 0.7761909411666479, 0.7710101658300372, 0.7856977038945517, 0.780086071453244, 0.7831510307133251, 0.7820946031091114, 0.7859469360891285, 0.7863552475847431, 0.7886876150973061, 0.7933591948278245, 0.786856129443666, 0.7866654800822381, 0.787229694618493, 0.7895801810888681, 0.790220831694586, 0.7990784005913385, 0.7995489575955379, 0.8013371417156272, 0.7974878809090007, 0.7979375698789359, 0.7967419046400608]
test_f1_score -----> [0.7741701089891481]
val_f1_score -----> [0.7166983876087748, 0.7518276757504605, 0.763506563463909, 0.7702323208690193, 0.7760077756895913, 0.7699589867448481, 0.7826452157625371, 0.7567981684470213, 0.7781169911954846, 0.7826173776040017, 0.7778700790416574, 0.7793301510199918, 0.782163167266478, 0.7701145841260133, 0.7794047024998885, 0.7815509255050375, 0.7770463209758036, 0.7825549942449987, 0.78387441880969, 0.7838567119217196, 0.7857821435043617, 0.7816739237434147, 0.7895539759791245, 0.7839297341404556, 0.7827876355011578, 0.7897875845801456, 0.7882922118679214, 0.7893166811317618, 0.7925401508070432, 0.7804519544483706]
train_loss -----> [0.6137980701050898, 0.5435854341510844, 0.5208978151389652, 0.5104888541273014, 0.5015286155099021, 0.49423240308744343, 0.48538950960273314, 0.4856301520181739, 0.47918297096654955, 0.4712996186445588, 0.47471347553790455, 0.4718018728105916, 0.46702889863239666, 0.467868116211848, 0.46444085041951844, 0.46186843743898714, 0.4620603783245103, 0.45620157678975964, 0.4552183449673263, 0.4565920579935543, 0.45035308189150186, 0.4550181838643288, 0.4530708781187084, 0.4541525760044653, 0.4425314153963024, 0.4455560175836946, 0.440783500900843, 0.44563282949283073, 0.4417868601563179, 0.44464293089897733]
val_loss -----> [0.5630160559405079, 0.5345697217696421, 0.5211497231109722, 0.5123740481632248, 0.5043447679496027, 0.49944726599229367, 0.4948324983989868, 0.5024028466091499, 0.4878815715914373, 0.48425043233343074, 0.4832858455342214, 0.4827770610918871, 0.47940119671391995, 0.4793692409723729, 0.4736259127253887, 0.47167237290927955, 0.47364496352436297, 0.46882910945931, 0.4673896790356248, 0.46952042708525776, 0.46618875995412606, 0.46576265534302136, 0.46427142995971815, 0.46406075197297175, 0.4626167683719515, 0.4658941878928796, 0.46017617645027414, 0.45879338037323325, 0.45857226620386304, 0.45667088394229466]
test_loss -----> [0.4607813714726551]
val_auc_roc -----> [0.7911693044777952, 0.8135122130996498, 0.8259607706639914, 0.8322362359493048, 0.836454003808276, 0.8398220757150756, 0.8430161135111894, 0.8442241149853607, 0.8466145246821318, 0.84931205339776, 0.8493837145021601, 0.8518918531561598, 0.8524958538932454, 0.8548760262893881, 0.8555568067811878, 0.856544706291845, 0.8575786736553305, 0.8589146413873591, 0.8597080321860732, 0.8601533547634159, 0.8610388812677873, 0.8616326447042443, 0.8622366454413299, 0.8623850863004443, 0.8629071886325014, 0.8627741037243299, 0.864069122253844, 0.8650570217645013, 0.8652412931758156, 0.8662906164902439]
val_auc_pr -----> [0.7736230553115702, 0.7997442947798485, 0.8137510094179108, 0.8197784181076373, 0.823938649751851, 0.8263209334132313, 0.8291444229866196, 0.8312415618442712, 0.8334131135050549, 0.8354389713617998, 0.834248787783933, 0.8378572474820516, 0.8382398556379362, 0.8427944448576397, 0.8420173639785826, 0.8437148083243355, 0.845752509793668, 0.8468286614656715, 0.8469499492766972, 0.8490260391242425, 0.8483150931215537, 0.8504727062689212, 0.8511269773738217, 0.8507223162348266, 0.8517891667340239, 0.8506221735497904, 0.8525029502883554, 0.8539636916717841, 0.8540886086236997, 0.8556825274183513]
test_auc_roc -----> [0.863836042891733]
test_auc_pr -----> [0.8565905152441943]
cm -----> [[231  70]
 [ 63 225]]
--------
