--------
epochs_index -----> 29
train_acc -----> [0.614130437374115, 0.6641757488250732, 0.6906703114509583, 0.6884058117866516, 0.6927083134651184, 0.7058423757553101, 0.6881793737411499, 0.6938405632972717, 0.7010869383811951, 0.707880437374115, 0.7051630616188049, 0.7189764380455017, 0.7110507488250732, 0.717391312122345, 0.7194293737411499, 0.7205616235733032, 0.7130887508392334, 0.7164855003356934, 0.7130887508392334, 0.7158061861991882, 0.7121829986572266, 0.7253170013427734, 0.7119565010070801, 0.7205616235733032, 0.7241848111152649, 0.711277186870575, 0.71263587474823, 0.713994562625885, 0.7162590622901917, 0.72486412525177]
test_acc -----> [0.6994906663894653]
val_acc -----> [0.6481900215148926, 0.685520350933075, 0.6934388875961304, 0.7002262473106384, 0.7036198973655701, 0.7194570302963257, 0.7126696705818176, 0.7285068035125732, 0.7183257937431335, 0.7307692170143127, 0.7251130938529968, 0.726244330406189, 0.733031690120697, 0.733031690120697, 0.7409502267837524, 0.7364253401756287, 0.7466063499450684, 0.7420814633369446, 0.7352941036224365, 0.733031690120697, 0.7511312365531921, 0.7443438768386841, 0.733031690120697, 0.7352941036224365, 0.7352941036224365, 0.7319004535675049, 0.7273755669593811, 0.7341628670692444, 0.7409502267837524, 0.7409502267837524]
train_f1_score -----> [0.6141208525803707, 0.664149524716978, 0.6906205329832666, 0.6883980583974267, 0.6926890239431203, 0.7058329583812089, 0.6881409462580348, 0.6938374975480929, 0.7010454987406584, 0.7078718012294294, 0.7051434429165357, 0.7189078182536146, 0.7110469264048052, 0.7173425399512002, 0.7194096450084371, 0.7205587806093189, 0.7130809799364414, 0.7164756739324436, 0.7130845111084416, 0.7157955301179716, 0.7121817705233955, 0.7253158830484975, 0.7119033325408124, 0.7205595257510276, 0.7241827409114099, 0.7112522787242954, 0.7126316058458128, 0.7139822254493438, 0.7162583400145497, 0.7248214397885081]
test_f1_score -----> [0.6993207823461964]
val_f1_score -----> [0.6481535704137853, 0.6852045367176727, 0.6934071298432523, 0.6999032763766652, 0.7021547971468571, 0.7189376523623804, 0.7118895425634062, 0.7284386709697194, 0.7177764763669783, 0.7306575535031792, 0.7225479167753744, 0.7260746814030836, 0.732944183413113, 0.732944183413113, 0.7390720351936753, 0.7354744783039362, 0.7463518559489477, 0.7420484338516647, 0.734575404959277, 0.7321748546835387, 0.7511197513242563, 0.7443386518219188, 0.7329646930365343, 0.734988900333533, 0.7348543838350046, 0.7317490651065572, 0.7250672622046951, 0.7330530258818091, 0.7404956063789682, 0.7409101039641532]
train_loss -----> [0.6566338572057261, 0.6210088389183301, 0.5982493492572193, 0.5923266693733739, 0.5851786457326101, 0.5781487107168928, 0.5797276853759223, 0.5794890993747159, 0.57428741282311, 0.5643471976661164, 0.5676333393523648, 0.5605178926194067, 0.5650988554285057, 0.5581681951340562, 0.5619416697949605, 0.554048669376019, 0.5621832667485528, 0.5566468056885224, 0.5552854503680394, 0.5555795297242587, 0.5481889106981138, 0.5511808446406028, 0.5604673268786375, 0.5495549727609196, 0.5524655960068324, 0.5550612719540584, 0.5537801608173308, 0.5500627042104801, 0.5520222190821509, 0.5477978071818749]
val_loss -----> [0.6239170126012852, 0.6033336214117101, 0.584817701631838, 0.5758620613330114, 0.5693712186168979, 0.5586097616333147, 0.5614666098409947, 0.5478866956792438, 0.5495956494464527, 0.5453493917310559, 0.5518749455610914, 0.5421715982862423, 0.539454136614327, 0.5409887051797126, 0.5422692268012881, 0.5382224353584084, 0.5379602565421714, 0.5333879206094656, 0.5358517717670751, 0.5395965654033795, 0.5302144671614104, 0.5313975451228857, 0.5370055176653308, 0.5370498645950011, 0.5335602052845395, 0.5361800831448924, 0.5412846374082135, 0.5363566879485101, 0.523101085478121, 0.5258645567002596]
test_loss -----> [0.5874120576961618]
val_auc_roc -----> [0.7173506889703323, 0.7418792612763866, 0.7610178948014987, 0.7722686881922973, 0.7776381523719826, 0.790445015458324, 0.7878242664974099, 0.8009791978051227, 0.7993309924039229, 0.8001346205032658, 0.7998019082328371, 0.8051969656640937, 0.8056627628426938, 0.8038712352326938, 0.808273274502979, 0.8079252062816077, 0.8060261870150078, 0.8118051432198357, 0.8100955140148646, 0.8101620564689502, 0.8129670768411785, 0.8135557216273213, 0.8081504268954361, 0.8090513093507504, 0.8130592125468358, 0.808503613767122, 0.8101927683708359, 0.8128083986814357, 0.8208856288773775, 0.8165245388096066]
val_auc_pr -----> [0.7070824676668339, 0.737322119617489, 0.7479424256566527, 0.7551033621753378, 0.7599858382953784, 0.768686488727107, 0.7648331604874654, 0.7786517991349547, 0.7797811224107836, 0.7780613736566468, 0.7784302024888543, 0.7792118396934871, 0.7785725466753475, 0.778212104080362, 0.7797232623567263, 0.7845369505995612, 0.7760661738375583, 0.7848163981087022, 0.7850365645289253, 0.7838669457716047, 0.7891067333172204, 0.7871346571202031, 0.7794063002417613, 0.7849930573900528, 0.7893578409468027, 0.7815179665950726, 0.7805587422514422, 0.7878488684851028, 0.7946254637509067, 0.7903375649220086]
test_auc_roc -----> [0.7567854260348208]
test_auc_pr -----> [0.73941966951574]
cm -----> [[199  82]
 [ 95 213]]
--------
