--------
epochs_index -----> 29
train_acc -----> [0.63111412525177, 0.6727808117866516, 0.6836503744125366, 0.686141312122345, 0.6965579986572266, 0.6929348111152649, 0.7013133764266968, 0.7013133764266968, 0.7056159377098083, 0.704483687877655, 0.7069746255874634, 0.7096920013427734, 0.7013133764266968, 0.7060688138008118, 0.7124094367027283, 0.7035778760910034, 0.7062953114509583, 0.7135416865348816, 0.7110507488250732, 0.70923912525177, 0.7158061861991882, 0.7149003744125366, 0.7192028760910034, 0.7072010636329651, 0.7130887508392334, 0.717391312122345, 0.7119565010070801, 0.71263587474823, 0.7164855003356934, 0.7094655632972717]
test_acc -----> [0.6757215857505798]
val_acc -----> [0.6493212580680847, 0.6640271544456482, 0.6719456911087036, 0.6809954643249512, 0.6866515874862671, 0.6877828240394592, 0.7047511339187622, 0.7149321436882019, 0.6900452375411987, 0.7149321436882019, 0.7115384340286255, 0.7047511339187622, 0.7183257937431335, 0.7160633206367493, 0.7160633206367493, 0.7171945571899414, 0.7058823704719543, 0.7138009071350098, 0.7024886608123779, 0.7126696705818176, 0.7239819169044495, 0.7171945571899414, 0.7239819169044495, 0.7183257937431335, 0.7115384340286255, 0.7149321436882019, 0.7183257937431335, 0.7138009071350098, 0.7160633206367493, 0.7149321436882019]
train_f1_score -----> [0.6300485522493642, 0.6727733921437715, 0.6835938778268154, 0.6859802723122954, 0.6964632676823368, 0.6928661723511386, 0.701287651652917, 0.700905903334049, 0.7055781926855729, 0.704411525496518, 0.706916860855388, 0.7096060124548011, 0.7011176971358679, 0.7059674526164652, 0.7122039252657177, 0.7034877435008197, 0.7061475981168186, 0.7135119125895476, 0.7107682667797657, 0.7091236164747865, 0.7155855044815385, 0.7148090865440697, 0.7191240220853133, 0.7070597421821985, 0.7129325921841565, 0.7173745456358046, 0.711919585350724, 0.7125293587753007, 0.716443101878467, 0.7093629034009341]
test_f1_score -----> [0.6733677629475838]
val_f1_score -----> [0.6482842835600562, 0.6630747325343136, 0.6716616666508055, 0.6782267882940185, 0.6865356525345736, 0.6846578522226431, 0.7032439077697838, 0.711236928848187, 0.6844222732374479, 0.7146034315143334, 0.7078746281427897, 0.7031461639111107, 0.716887865803497, 0.7144228726899179, 0.714704875204917, 0.7158857116436113, 0.7033296625777092, 0.712046551256367, 0.7014951385128579, 0.70863697211401, 0.7225275240829825, 0.7162869226312557, 0.7237429187308773, 0.7167946159154148, 0.7081681032630276, 0.7136996603408197, 0.7173851308730768, 0.7107355982331367, 0.715451246958325, 0.7141581288029933]
train_loss -----> [0.6614775438455571, 0.6265550529503302, 0.6062717152138554, 0.5963306576553459, 0.5889438778377961, 0.5887466685279558, 0.5825688599784301, 0.5771438013222336, 0.5769175664130332, 0.5750278210726342, 0.5738499180778217, 0.5681693899728689, 0.5718386357893113, 0.568480079048786, 0.5659607900981466, 0.5691383740176328, 0.5586989689888298, 0.5610714144194903, 0.5609060415755155, 0.5612185387939644, 0.5568914320049942, 0.5622771611248237, 0.5552198349673678, 0.5617772223886809, 0.5625201766311695, 0.5637899256594805, 0.5581834869648242, 0.5590764163736853, 0.5593952665618366, 0.5628592762556195]
val_loss -----> [0.6481692066063751, 0.6258824881132657, 0.6124815199826212, 0.6061625072547981, 0.5952797658271618, 0.5954404062515982, 0.5860013883930069, 0.5843746154694939, 0.5922264754772184, 0.5778349036568995, 0.5798856484460403, 0.5795560422781352, 0.5710659738596494, 0.5736428364977105, 0.567233232496021, 0.5670529928830296, 0.5742826553078387, 0.5700426362119281, 0.5693846463083146, 0.5718814644727622, 0.5614047863998928, 0.5674571996336587, 0.5613911398896221, 0.5627314459096204, 0.5703740093085145, 0.5670281962768451, 0.5574356867923393, 0.5677024091149238, 0.5638204383420516, 0.5614145655889771]
test_loss -----> [0.603895650924863]
val_auc_roc -----> [0.7139058373088183, 0.7315498249421593, 0.7410398026248439, 0.7470286234925574, 0.7553157183513852, 0.7594720624065847, 0.7687880059785835, 0.7726116377633545, 0.7650104420466411, 0.7748280133494401, 0.7755446243934399, 0.7711630597244118, 0.7828540570422392, 0.7822500563051535, 0.7863091460043815, 0.7872407403615815, 0.7849271104195246, 0.7805250711492394, 0.7821528019491821, 0.7848963985176388, 0.792026678405438, 0.782060666243525, 0.7915301693249525, 0.7870462316496386, 0.7817433099240392, 0.7850499580270675, 0.7926204418418951, 0.784126041645339, 0.7848145001126103, 0.7866162650232386]
val_auc_pr -----> [0.701997081267282, 0.7096086369065654, 0.7139096884182214, 0.7156825389113501, 0.7200733783630127, 0.7219503740389475, 0.7318244449792715, 0.736843149918858, 0.7228344259946407, 0.7360605271657408, 0.7298285678215941, 0.7399736374647857, 0.743995941278885, 0.7385082142014421, 0.7428660753796761, 0.747297191727303, 0.7463162978685239, 0.7364643104318966, 0.7492572681269503, 0.7432295961036759, 0.7486950826127845, 0.7413236485179411, 0.7508302022779889, 0.746158679231061, 0.7406645956532953, 0.7464756890670894, 0.754693866872252, 0.7484076266135399, 0.736779888666278, 0.7486738837998325]
test_auc_roc -----> [0.7370229447711287]
test_auc_pr -----> [0.7121137648265233]
cm -----> [[174  71]
 [120 224]]
--------
