--------
epochs_index -----> 39
train_acc -----> [0.689091682434082, 0.7410866022109985, 0.7536078095436096, 0.7601867318153381, 0.7701612710952759, 0.7686757445335388, 0.7733446359634399, 0.7790747284889221, 0.788200318813324, 0.7807725071907043, 0.788200318813324, 0.7935059666633606, 0.7862903475761414, 0.7918081283569336, 0.7848047614097595, 0.7892614603042603, 0.788200318813324, 0.7990237474441528, 0.7928692698478699, 0.7949914932250977, 0.799872636795044, 0.7952037453651428, 0.8005093336105347, 0.8002971410751343, 0.7977504134178162, 0.8017826676368713, 0.803056001663208, 0.8013582229614258, 0.8034804463386536, 0.7952037453651428, 0.8092105388641357, 0.8022071123123169, 0.805390477180481, 0.804753839969635, 0.8094227313995361, 0.8115450143814087, 0.8111205697059631, 0.8089982867240906, 0.8113327622413635, 0.8123939037322998]
test_acc -----> [0.7809846997261047]
val_acc -----> [0.7368420958518982, 0.7572156190872192, 0.7589133977890015, 0.7640067934989929, 0.7640067934989929, 0.7707979679107666, 0.7758913636207581, 0.784380316734314, 0.7996604442596436, 0.7928692698478699, 0.7945670485496521, 0.8013582229614258, 0.7928692698478699, 0.803056001663208, 0.7979626655578613, 0.803056001663208, 0.7945670485496521, 0.803056001663208, 0.8013582229614258, 0.804753839969635, 0.7979626655578613, 0.8013582229614258, 0.803056001663208, 0.7996604442596436, 0.7979626655578613, 0.804753839969635, 0.784380316734314, 0.7996604442596436, 0.7979626655578613, 0.7962648272514343, 0.8064516186714172, 0.7979626655578613, 0.7962648272514343, 0.7962648272514343, 0.8013582229614258, 0.7996604442596436, 0.804753839969635, 0.8064516186714172, 0.803056001663208, 0.8064516186714172]
train_f1_score -----> [0.6885249084153021, 0.7409699176916551, 0.7534660221941492, 0.7601307469296679, 0.7701090904380983, 0.7686246539993281, 0.7732759852344082, 0.7789430271309077, 0.7881704152100042, 0.7807044490104492, 0.7881264367515717, 0.7934735578489138, 0.7862271474130187, 0.7916925491021123, 0.7847363389553019, 0.7891960480806082, 0.7880971076329063, 0.7989239186129106, 0.7927759331529258, 0.7949166882628869, 0.7998272129110724, 0.7951401674297196, 0.8004397297157639, 0.8002258384228353, 0.7977187055806225, 0.8017003672840335, 0.8030100284425754, 0.8012757428135543, 0.8034022313038204, 0.7951572222367478, 0.8090804294636692, 0.8021500954821486, 0.8053271393903332, 0.8046856928068646, 0.8093562522070754, 0.8115033869181367, 0.8110938567099415, 0.8089673230409445, 0.8112460406093511, 0.8123450653239416]
test_f1_score -----> [0.7803363378871853]
val_f1_score -----> [0.7360630426610539, 0.7571708175334539, 0.7584057351528877, 0.7639087893890397, 0.7625585425912897, 0.7707741708538005, 0.7758389985497098, 0.7843703557350866, 0.7990295816097159, 0.7928686678659633, 0.7945575827853744, 0.8013376140691599, 0.7920486591604059, 0.8025089555610514, 0.7978484339407428, 0.8026413038531401, 0.794329920149863, 0.8028918226217043, 0.8012115392632241, 0.8042459800568664, 0.7973645283613513, 0.8009083058560906, 0.8028053517102635, 0.7992385677992746, 0.7976803813134108, 0.8046727385538333, 0.7829387356975265, 0.7992988606928775, 0.7977294255188304, 0.7956233034169525, 0.806290239386342, 0.7978787470263675, 0.7958358317454091, 0.7958971465524893, 0.8012459391681128, 0.7993544835374836, 0.8045712982494011, 0.8061560262980547, 0.8028918226217043, 0.8060440399070057]
train_loss -----> [0.5925393407130275, 0.5301750015929122, 0.510021531495862, 0.5000754899150851, 0.4869918655762243, 0.4819792031685239, 0.4772254924822741, 0.4732522021833623, 0.4662765724954459, 0.4657280602206197, 0.45812910623178, 0.4557667853016597, 0.4544942988326272, 0.45394684805681823, 0.4528078592440875, 0.4486122266697765, 0.4468436039769183, 0.44415058527008977, 0.44490399291337246, 0.44348508386488467, 0.4361532554915889, 0.4410219276750836, 0.43657794870524713, 0.4361215032801566, 0.4347147467484499, 0.4329198189522495, 0.4321923221007672, 0.43011605925541774, 0.43465344404172435, 0.4362238698049189, 0.4254672535661935, 0.4349928766944414, 0.42970395479066675, 0.43051316625800706, 0.42444843371321234, 0.4240382041636669, 0.4222384531727673, 0.42197572643566633, 0.4210293087444199, 0.4214032592602919]
val_loss -----> [0.5403146006771036, 0.5153948825758858, 0.5054010438757973, 0.49667702554850984, 0.49600781480202805, 0.4862366838229669, 0.4815693747352909, 0.47691918627635843, 0.47802553325891484, 0.4714671393504013, 0.4702002313491461, 0.46820755907007156, 0.4711888325778213, 0.4673402903450502, 0.4643721499958554, 0.4645073802487271, 0.4611038632086805, 0.4596014735666481, 0.4594731195955663, 0.46098453128660044, 0.461933984144314, 0.4603593462222331, 0.45884473964169215, 0.45950257979534775, 0.4572349895496627, 0.45440229169420304, 0.4682860755034396, 0.4571777741248542, 0.4523535052666792, 0.4588551277647147, 0.45252280138634354, 0.4510310217738151, 0.45543651826478343, 0.4557131788617856, 0.4527614199229189, 0.45517888645062565, 0.45294638783545105, 0.4546297552013719, 0.4503444006314148, 0.4562063271532188]
test_loss -----> [0.4678999145288725]
val_auc_roc -----> [0.8089242476651678, 0.827060993889081, 0.8360313616972214, 0.8408970367808141, 0.845878012221838, 0.8496252738383488, 0.8521157615588608, 0.8545255390291708, 0.8570506168569122, 0.8588031822898652, 0.8585379914677735, 0.8597025250778276, 0.8615242707252392, 0.8620892424766516, 0.8618932318690188, 0.8627925746569816, 0.8641415888389254, 0.8651677620200622, 0.8653407125562089, 0.8661016949152542, 0.8668972673815287, 0.8668626772742996, 0.866078634843768, 0.8664706560590338, 0.8673930589184826, 0.8686844229217111, 0.8676813098120605, 0.8687305430646834, 0.8707944194627003, 0.8692609247088666, 0.8695261155309582, 0.8701833275683155, 0.8693301049233252, 0.869203274530151, 0.8691110342442062, 0.8699757869249395, 0.8691225642799493, 0.8699873169606824, 0.870863599677159, 0.8699296667819671]
val_auc_pr -----> [0.803575508727228, 0.8196211142035503, 0.8263951147449046, 0.8315456714860161, 0.8351907958100342, 0.839211900467681, 0.8402107891366335, 0.843711660055494, 0.8450728781396326, 0.8463829491482631, 0.8481228359688243, 0.8490716815465933, 0.8499522621434159, 0.8511579082512821, 0.8528373349330536, 0.8532525452549193, 0.8546210518751105, 0.8545934822754131, 0.8538544699834969, 0.8571926208569896, 0.8564034923039255, 0.8560001849629051, 0.8566516954673353, 0.8557387005012655, 0.856682384290903, 0.8575290709390153, 0.857252317262176, 0.8587211941772203, 0.8599786674695125, 0.8588944799643021, 0.8590215516351887, 0.8598243042379865, 0.860447204838361, 0.8571028934227051, 0.8589580971136717, 0.8579438239606397, 0.8587415188800257, 0.8579023832103578, 0.85813041358859, 0.8584951249533062]
test_auc_roc -----> [0.8582958607171682]
test_auc_pr -----> [0.846934105018954]
cm -----> [[214  49]
 [ 80 246]]
--------
