--------
epochs_index -----> 29
train_acc -----> [0.7038043737411499, 0.8093296885490417, 0.8777173757553101, 0.9302536249160767, 0.9574275612831116, 0.9705616235733032, 0.9764492511749268, 0.9759963750839233, 0.9723731875419617, 0.9789401888847351, 0.9816576242446899, 0.9884510636329651, 0.9852808117866516, 0.9852808117866516, 0.9821105003356934, 0.9836956262588501, 0.98777174949646, 0.9841485619544983, 0.985733687877655, 0.9893568754196167, 0.9927536249160767, 0.9932065010070801, 0.9825633764266968, 0.9864130616188049, 0.9916213750839233, 0.9927536249160767, 0.9929800629615784, 0.9923007488250732, 0.989130437374115, 0.9929800629615784]
test_acc -----> [0.7775891423225403]
val_acc -----> [0.6968325972557068, 0.7997737526893616, 0.8031674027442932, 0.7850678563117981, 0.8190045356750488, 0.7997737526893616, 0.8303167223930359, 0.8280543088912964, 0.7963801026344299, 0.8054298758506775, 0.8099547624588013, 0.8235294222831726, 0.8178732991218567, 0.8291855454444885, 0.8178732991218567, 0.831447958946228, 0.8257918357849121, 0.7952488660812378, 0.8404977321624756, 0.8122171759605408, 0.7895927429199219, 0.7895927429199219, 0.8156108856201172, 0.820135772228241, 0.8280543088912964, 0.8325791954994202, 0.837104082107544, 0.8280543088912964, 0.8337104320526123, 0.8212669491767883]
train_f1_score -----> [0.703681263247885, 0.8092469130071533, 0.877702937215737, 0.9302521875375365, 0.957426823896343, 0.9705614925850861, 0.9764492703578966, 0.9759963668836196, 0.9723731324007208, 0.9789401853885835, 0.9816575801765698, 0.9884510813598255, 0.9852807732272182, 0.9852807913421973, 0.9821104939856857, 0.9836956438251578, 0.9877717316177365, 0.9841485424687777, 0.985733654800905, 0.9893568785077214, 0.9927536166975537, 0.9932065167346323, 0.9825633784392278, 0.9864130356868759, 0.9916213679402563, 0.9927536166975537, 0.992980058459842, 0.9923007180539348, 0.9891304208599963, 0.9929800670992945]
test_f1_score -----> [0.77584197841189]
val_f1_score -----> [0.6744068384282816, 0.7992988725051606, 0.8022564537841437, 0.7837116655182592, 0.8189961814115333, 0.7981617952974975, 0.8301463304510651, 0.8277995592588314, 0.7951680622389374, 0.8044680330513727, 0.8098924681015912, 0.8232679688449909, 0.8175536781051158, 0.8283682695461525, 0.8178208443859916, 0.8314114993334225, 0.825683886340313, 0.7938430129764402, 0.8396834881069155, 0.8117508160121416, 0.7874868118331493, 0.7866396711675262, 0.8145455291196242, 0.8192175510563457, 0.8280463720898368, 0.8323010614373865, 0.8368627400865125, 0.8280463720898368, 0.8336744321608726, 0.8206463625202322]
train_loss -----> [0.5681245334014514, 0.42003506136572244, 0.2821848779314441, 0.18638122981750366, 0.11892884066082175, 0.08466155718455737, 0.07502664256327062, 0.06944324625327523, 0.07996205050208706, 0.06568489806902561, 0.05318656059518101, 0.04188813735282611, 0.04944387983336401, 0.049820296704356726, 0.06103282145408911, 0.04861230218740731, 0.030884368445386688, 0.0602092036618936, 0.04329700094328103, 0.03753304092888006, 0.026251749158820857, 0.020591844691540667, 0.0673344559650651, 0.04638588911934735, 0.024638223488115785, 0.028692862797288488, 0.026036565983931715, 0.022418662957151798, 0.047243968889197754, 0.029478281822979065]
val_loss -----> [0.5956670488188933, 0.4180276844952559, 0.47880147186082783, 0.5612621516123548, 0.5811703791044787, 0.7830867362292568, 0.5990315283006813, 0.6449137103632682, 0.8162707299463918, 0.7724531217476117, 0.9052893066632473, 1.026378885559327, 1.0155043807729909, 0.896179717749505, 1.2498624249489882, 1.0246529153127097, 1.14772409386247, 1.508685714234296, 1.0222814634666522, 1.1858867093165941, 1.8434109388376556, 1.7884599660689333, 1.2423313608775752, 1.137673651489922, 1.2713755145108865, 1.2359410355005358, 1.278678855482532, 1.547673727957558, 1.1738790593219885, 1.7190326500876054]
test_loss -----> [2.276452908088988]
val_auc_roc -----> [0.8600228291804017, 0.8877403206322557, 0.8897417129051411, 0.8910418500849695, 0.9035006449499396, 0.9008440654368257, 0.9136662844741098, 0.9161181179746524, 0.9012740320632256, 0.8998433693003829, 0.9011870150078826, 0.9056376814561535, 0.9018345242726398, 0.915588337667124, 0.8949038717470976, 0.9051386130505108, 0.9064541061812821, 0.8893706107573556, 0.9160311009193096, 0.9059499191253251, 0.895054871931369, 0.9032421531090682, 0.8997768268462972, 0.9022158637210541, 0.9065436825617821, 0.9068840728076821, 0.9088342785774247, 0.9087191089453532, 0.9174464077312093, 0.898768452734383]
val_auc_pr -----> [0.8494660990402824, 0.8755579222042394, 0.8785904202669576, 0.8834740961676868, 0.8935810451879912, 0.8933925185150795, 0.9069618365741322, 0.9140644381778651, 0.8975972359790763, 0.8899179632388304, 0.8880297954742736, 0.889840066945893, 0.8925773424224189, 0.9055002061938365, 0.881149338402505, 0.8916122554109733, 0.9025991826602722, 0.8793071640032138, 0.9060137300925887, 0.8974139579394756, 0.8875356911852982, 0.8931142654989807, 0.8941812740283813, 0.8894104132848406, 0.8977889283569143, 0.8973138201073294, 0.8971362775258979, 0.8894784860428997, 0.9113433720094019, 0.8766603046578351]
test_auc_roc -----> [0.8648506860371268]
test_auc_pr -----> [0.8380180521671188]
cm -----> [[203  40]
 [ 91 255]]
--------
