--------
epochs_index -----> 39
train_acc -----> [0.6182088255882263, 0.6657470464706421, 0.6850594282150269, 0.6825127601623535, 0.6893039345741272, 0.6901528239250183, 0.6948217153549194, 0.7005518078804016, 0.6973684430122375, 0.6895161271095276, 0.6960950493812561, 0.7018251419067383, 0.6994906663894653, 0.7094652056694031, 0.7047962546348572, 0.7045840620994568, 0.7028862237930298, 0.7071307301521301, 0.703098475933075, 0.7113752365112305, 0.7047962546348572, 0.7054329514503479, 0.708616316318512, 0.7022495865821838, 0.7037351727485657, 0.7047962546348572, 0.7037351727485657, 0.7139219045639038, 0.710101842880249, 0.7039473652839661, 0.7245330810546875, 0.710101842880249, 0.7052206993103027, 0.6971561908721924, 0.710101842880249, 0.703098475933075, 0.710101842880249, 0.7073429822921753, 0.7145586013793945, 0.7035229206085205]
test_acc -----> [0.6825127601623535]
val_acc -----> [0.6689304113388062, 0.685908317565918, 0.6893039345741272, 0.6926994919776917, 0.6893039345741272, 0.706281840801239, 0.6994906663894653, 0.7232597470283508, 0.706281840801239, 0.6960950493812561, 0.706281840801239, 0.7113752365112305, 0.7079796195030212, 0.7130730152130127, 0.7079796195030212, 0.7079796195030212, 0.7147707939147949, 0.7215619683265686, 0.7079796195030212, 0.7164685726165771, 0.6994906663894653, 0.7181664109230042, 0.6960950493812561, 0.7096773982048035, 0.7113752365112305, 0.7198641896247864, 0.7317487001419067, 0.7164685726165771, 0.7232597470283508, 0.706281840801239, 0.7164685726165771, 0.7215619683265686, 0.7079796195030212, 0.7028862237930298, 0.7198641896247864, 0.7334465384483337, 0.7198641896247864, 0.7215619683265686, 0.7147707939147949, 0.7028862237930298]
train_f1_score -----> [0.6172240647592954, 0.6657191858753382, 0.6850430194600672, 0.6824769760886751, 0.6892716556344038, 0.6901522939662048, 0.6948162286683817, 0.7005494983812137, 0.6973664532816133, 0.6895008948095191, 0.6960906365520341, 0.7018240345364448, 0.6994540549537487, 0.7094582678921961, 0.7047924173447613, 0.7045648216982333, 0.7028707727922907, 0.7071218079578809, 0.703073739783444, 0.7113372960136544, 0.7047940128619307, 0.7054175946968941, 0.7085765893537161, 0.702236682594015, 0.7037308159542524, 0.7047951828968937, 0.7037115995157288, 0.7138991661225056, 0.7100966397779626, 0.70391534517615, 0.7245068467238325, 0.710071776711906, 0.7051983884401367, 0.6971489763129315, 0.7101005568889897, 0.7030713858709758, 0.7100742318682676, 0.7073249032526889, 0.7145428193614285, 0.7035206585177156]
test_f1_score -----> [0.6738484723389557]
val_f1_score -----> [0.6680692740234416, 0.6853859540727965, 0.6862616633976677, 0.690468926932392, 0.6831629859371079, 0.7055178681826335, 0.6971300031230192, 0.722222056478194, 0.7046335297970419, 0.6950790226574839, 0.7034058345244273, 0.7103524433886711, 0.7072699903658073, 0.7126721402796954, 0.7008386438194485, 0.7050197947032804, 0.7098113689418366, 0.7189296721593265, 0.7065577519244567, 0.7155206520871786, 0.6971300031230192, 0.7160374020786316, 0.6894749969334357, 0.7080481710132094, 0.7086466115670241, 0.7185661986193382, 0.7309040177544481, 0.7151548798754459, 0.7229403074015504, 0.7057083806672377, 0.7154054199503982, 0.720070009377634, 0.7075336562697733, 0.6975827105624653, 0.7188137382142961, 0.7330032143174605, 0.7185661986193382, 0.7210594354639501, 0.7118797993617896, 0.6964141030373059]
train_loss -----> [0.6525124968717381, 0.6185440706984094, 0.6000614373712272, 0.590399138287899, 0.5854648516113378, 0.5866614813917965, 0.5806915628232052, 0.5745739498142477, 0.5772178473618323, 0.5816129730897364, 0.5768552463255026, 0.5725894460805608, 0.5808103946251053, 0.5628665128061848, 0.572703485274355, 0.5730845329362793, 0.5750121106923337, 0.5679766952434905, 0.5777923679311332, 0.5725143104791638, 0.5727560461478243, 0.5684719203840091, 0.5689159923680566, 0.5736020095077151, 0.5717965639710227, 0.5657100396923379, 0.573171806203895, 0.5617117673057455, 0.559160496843488, 0.5719760556678418, 0.5515943657107182, 0.5624253208193997, 0.5620819890843183, 0.5767607456911199, 0.5652986446898333, 0.5632314461398819, 0.5568119812952839, 0.5666856209926163, 0.5649503049755333, 0.5679001191374805]
val_loss -----> [0.6318604551457071, 0.6126893021770425, 0.6062941869368423, 0.6021802219990137, 0.6014515729369341, 0.5845962601739008, 0.588003877852414, 0.5822477332643561, 0.5851010599651851, 0.5860810388584395, 0.579483084581994, 0.5824128212155523, 0.5799182931313642, 0.5823550574682855, 0.5956692345239021, 0.5802771428952348, 0.5884947237130758, 0.5808249422021813, 0.5767937310644099, 0.5796188840994965, 0.575347634183394, 0.5781460203029015, 0.5937455477746757, 0.5816469647594402, 0.5842729915638231, 0.5767192196201634, 0.5679621595788646, 0.5718251362040234, 0.5660632325185312, 0.5719451489480767, 0.5666708181033264, 0.5770435216459067, 0.5730106963499174, 0.584574877813056, 0.5710041551171121, 0.5657697605925637, 0.5663677925193632, 0.5679419330648473, 0.5723608981918644, 0.5829253700133915]
test_loss -----> [0.5895510823340031]
val_auc_roc -----> [0.7277758561051539, 0.7462930935085899, 0.749417733194973, 0.7549752104231522, 0.7585379914677736, 0.7687420731004266, 0.768061800991583, 0.7754294938314309, 0.7699411968177101, 0.7691340943156924, 0.7793497059840886, 0.7732733771474691, 0.7768130981206042, 0.7710134901418195, 0.7712556208924247, 0.7782312925170068, 0.7767439179061455, 0.7750835927591376, 0.7783927130174104, 0.7730658365040932, 0.7796379568776663, 0.7802490487720513, 0.7679003804911795, 0.774507090971982, 0.7751527729735961, 0.7783927130174103, 0.789911218724778, 0.7861293670010376, 0.7885160843998618, 0.7855182751066527, 0.7905684307621355, 0.7799492678427303, 0.782820246742765, 0.7819439640262885, 0.7847342326761213, 0.7909373919059148, 0.789173296437219, 0.788343133863715, 0.787420731004266, 0.7843652715323418]
val_auc_pr -----> [0.6976938615933538, 0.7114057552039106, 0.7166836493258772, 0.7108946286737148, 0.7257478867964896, 0.7274091392003663, 0.7265173089416296, 0.7326004331902276, 0.7302667768688356, 0.731774549111889, 0.7356527773565094, 0.7314134047726817, 0.7347998602700887, 0.7279671706305, 0.729749075349579, 0.7339362254487102, 0.7342502079230859, 0.742390458101039, 0.7383072497526683, 0.736454240224619, 0.7449558338228436, 0.7349386562240264, 0.7338544749725388, 0.7341078721247383, 0.7259548322211273, 0.7388375273049272, 0.7462344963142677, 0.740746755974998, 0.7515841245478986, 0.7435011772378525, 0.749961641784705, 0.7339421974782163, 0.7489548818289993, 0.7415077932707022, 0.747014983676822, 0.7527793686980508, 0.7464868828363231, 0.7505927192926575, 0.750832322784469, 0.7459719434521834]
test_auc_roc -----> [0.7648103309120259]
test_auc_pr -----> [0.7333806178858127]
cm -----> [[153  46]
 [141 249]]
--------
