--------
epochs_index -----> 29
train_acc -----> [0.6256793737411499, 0.6804800629615784, 0.6929348111152649, 0.6865941882133484, 0.7040308117866516, 0.7013133764266968, 0.7128623127937317, 0.7074275612831116, 0.7074275612831116, 0.7232789993286133, 0.71535325050354, 0.717391312122345, 0.7196558117866516, 0.7119565010070801, 0.7323369383811951, 0.7198822498321533, 0.7185235619544983, 0.7332427501678467, 0.7278079986572266, 0.7185235619544983, 0.720108687877655, 0.7162590622901917, 0.7244112491607666, 0.7223731875419617, 0.7314311861991882, 0.7287137508392334, 0.7250905632972717, 0.7271286249160767, 0.7334691882133484, 0.7300724387168884]
test_acc -----> [0.7011884450912476]
val_acc -----> [0.6764705777168274, 0.6787330508232117, 0.6843891143798828, 0.7002262473106384, 0.7058823704719543, 0.7047511339187622, 0.7024886608123779, 0.6957013607025146, 0.7013574838638306, 0.6990950107574463, 0.7081447839736938, 0.7070135474205017, 0.7138009071350098, 0.7149321436882019, 0.7126696705818176, 0.7194570302963257, 0.7183257937431335, 0.7149321436882019, 0.720588207244873, 0.7194570302963257, 0.7149321436882019, 0.7171945571899414, 0.7228506803512573, 0.7228506803512573, 0.7138009071350098, 0.7194570302963257, 0.7228506803512573, 0.7285068035125732, 0.7183257937431335, 0.7273755669593811]
train_f1_score -----> [0.6211850734939833, 0.6801631837526438, 0.6929325101531016, 0.6865777401003088, 0.7039407797903479, 0.7013133854774929, 0.7128283852451076, 0.7073770527540335, 0.7073698486978908, 0.7232244231877512, 0.7151533043212521, 0.7173521076273253, 0.7196391726338455, 0.7118522572331203, 0.7321391573071432, 0.7197925654843911, 0.7184240753914684, 0.7330389931167061, 0.7276998337946846, 0.7184142530531865, 0.7200423083812149, 0.7161937228475339, 0.7242941501410368, 0.7223073382082006, 0.7313674575161437, 0.7287070298469022, 0.7248805923800565, 0.7270831485030171, 0.7334002821849399, 0.7300258872929112]
test_f1_score -----> [0.6957144485147457]
val_f1_score -----> [0.6735227223038058, 0.6762121873657116, 0.6793332720601488, 0.6959364254453928, 0.7017543810210527, 0.7005260642318871, 0.6980650775858515, 0.6898912987224181, 0.6957510223858775, 0.6941860657760837, 0.7032090105048179, 0.7024903306383707, 0.7107355982331367, 0.7116719683279824, 0.7089451584815569, 0.7156715710296812, 0.7150347360106479, 0.7120789081187779, 0.7167427468585414, 0.7165186488007493, 0.7115300893160936, 0.7133785998682565, 0.7201400154757298, 0.7198822985271665, 0.7104569808455679, 0.7166490841014672, 0.7206194360828047, 0.7269849390344847, 0.7154414424171409, 0.7251807513307277]
train_loss -----> [0.6534797754948559, 0.6154645287256311, 0.5955006163837248, 0.5893921186958534, 0.5786045860445159, 0.5742930782877881, 0.5669175107571957, 0.5677269271750387, 0.5672767467904785, 0.5598803504329651, 0.5553485746832854, 0.5526524280616335, 0.5567933104230435, 0.5559041758162382, 0.5472436988915221, 0.556112148434572, 0.551726079316458, 0.5466315105179514, 0.5532213647080502, 0.5506742016776743, 0.5501930351652534, 0.5476117235594903, 0.5480589148305032, 0.5430413008654038, 0.5468857969980747, 0.5463039470107657, 0.547422279725256, 0.5446703571124356, 0.5372972020582447, 0.5363832399303068]
val_loss -----> [0.6418883607194228, 0.6186572643550668, 0.6077118768348352, 0.6018238690522341, 0.5949312064561754, 0.588562833027797, 0.5862558594158099, 0.5837356641485885, 0.58201699509277, 0.5792542937639599, 0.5776723403114457, 0.5727346923437207, 0.5711567726758153, 0.5691305210998466, 0.5718510873145886, 0.5693082680573336, 0.5662328697539665, 0.5663016344512904, 0.5661622366389716, 0.5632852310532921, 0.5619651189258507, 0.5612022476690308, 0.5557016585324263, 0.5601963572673968, 0.5625268814263045, 0.5577199574526367, 0.5580502152442934, 0.55532146869479, 0.5608176755475567, 0.5547525394070255]
test_loss -----> [0.5730418953541162]
val_auc_roc -----> [0.7232141029053458, 0.7498669150918286, 0.7591316721606847, 0.763646321737884, 0.7686011752421121, 0.7753475563563399, 0.7789254929260254, 0.781720275997625, 0.7832917016441104, 0.7839417702340248, 0.786961773919453, 0.7913996437419382, 0.7912665588337666, 0.7931809340513094, 0.7908468295079953, 0.7937900534387092, 0.7963084293933376, 0.7952386314776521, 0.7981869740586802, 0.7985299236297373, 0.8001986036321942, 0.8006899940623656, 0.8049282365225937, 0.8008128416699085, 0.7968868368788519, 0.8027374541880797, 0.7998351794598799, 0.8025378268258225, 0.7990571446121086, 0.8036536925943367]
val_auc_pr -----> [0.7035574670712881, 0.7319195993879857, 0.7405378398964917, 0.7500825750631144, 0.7522015030359508, 0.7600306385318867, 0.7596983893679945, 0.7647226698447807, 0.7646870813790759, 0.7692021352738189, 0.7714885615795015, 0.7772421518356455, 0.7776956445892098, 0.7789990070861059, 0.7746307814930387, 0.7770093043118032, 0.7831196137209948, 0.7827283505524052, 0.7862712194001739, 0.7858874813272563, 0.7879623935829807, 0.7871953681593004, 0.7926972192476626, 0.7863876049508219, 0.7838025028507194, 0.7911447124890695, 0.7879322650538622, 0.7920695834588918, 0.7898046883109757, 0.7939281115302611]
test_auc_roc -----> [0.7838291248702871]
test_auc_pr -----> [0.7675227516776637]
cm -----> [[167  49]
 [127 246]]
--------
