--------
epochs_index -----> 29
train_acc -----> [0.60597825050354, 0.6680253744125366, 0.6736866235733032, 0.6822916865348816, 0.6904438138008118, 0.7013133764266968, 0.7004076242446899, 0.698369562625885, 0.7137681245803833, 0.7033514380455017, 0.698369562625885, 0.7189764380455017, 0.7010869383811951, 0.7099184989929199, 0.7085598111152649, 0.7076539993286133, 0.7144474387168884, 0.7210144996643066, 0.7081068754196167, 0.7130887508392334, 0.7108242511749268, 0.7119565010070801, 0.7028985619544983, 0.7110507488250732, 0.7108242511749268, 0.7162590622901917, 0.7121829986572266, 0.7164855003356934, 0.7185235619544983, 0.7067481875419617]
test_acc -----> [0.735144317150116]
val_acc -----> [0.668552041053772, 0.6809954643249512, 0.7104072570800781, 0.7047511339187622, 0.7138009071350098, 0.7138009071350098, 0.7217194437980652, 0.7194570302963257, 0.7228506803512573, 0.720588207244873, 0.726244330406189, 0.709276020526886, 0.7307692170143127, 0.7228506803512573, 0.720588207244873, 0.7183257937431335, 0.726244330406189, 0.7273755669593811, 0.7341628670692444, 0.709276020526886, 0.7228506803512573, 0.7138009071350098, 0.733031690120697, 0.7115384340286255, 0.7341628670692444, 0.733031690120697, 0.7375565767288208, 0.7319004535675049, 0.7285068035125732, 0.7375565767288208]
train_f1_score -----> [0.6058848051012027, 0.6680253573158151, 0.6736837612790081, 0.6822668798229762, 0.6904285800885972, 0.701252597501937, 0.7004068509094691, 0.6982655216141134, 0.7137446245909069, 0.7033271031996281, 0.6983645486967331, 0.718976429861424, 0.7010572734795883, 0.7098934659417975, 0.7085454149039353, 0.7076287779709984, 0.7144421725705096, 0.720989249376227, 0.7080547659115048, 0.7130746236077699, 0.7108039684147565, 0.7119373726879104, 0.702898484780856, 0.7110435479757384, 0.7108150021113746, 0.7161635580966375, 0.7121764571238309, 0.7164826526847095, 0.7184829950333158, 0.7066922172937753]
test_f1_score -----> [0.7344085971404377]
val_f1_score -----> [0.6636238322473259, 0.6771884338729858, 0.7101164075155997, 0.7046872609962187, 0.7124316073180923, 0.7137389923060189, 0.7217066316197698, 0.7193133348748453, 0.7228474817614376, 0.7189739025276318, 0.7261546288817768, 0.7090045509986032, 0.730415969732233, 0.7228219434724059, 0.720430460470539, 0.718264857960919, 0.7262387337224102, 0.7270398863407117, 0.7330530258818091, 0.7087090540819937, 0.7226629327520245, 0.7129895862316843, 0.7327238482425109, 0.7097702394480515, 0.7341462209581315, 0.7330193699676493, 0.7374705531006707, 0.7316501108416715, 0.7284942746284975, 0.7371677509820209]
train_loss -----> [0.6596100111694438, 0.615691702165034, 0.6051719392231415, 0.5938019825928451, 0.5891965621191527, 0.5782384410824469, 0.582710623093273, 0.5757647459057785, 0.5606872550603275, 0.5706651583853838, 0.5778460976114309, 0.5555500617601739, 0.5699280261777451, 0.5629386597893383, 0.5630631394198403, 0.5597795586277182, 0.5649852557782672, 0.5535302691539563, 0.5614579546710718, 0.5613359253097709, 0.5588903341010424, 0.5569261904751914, 0.5644215050058959, 0.5587442495684695, 0.5578271946667328, 0.5523820393651289, 0.5552959843552201, 0.5589218913590992, 0.5567485432315996, 0.5590808755191764]
val_loss -----> [0.6185909310976666, 0.595342533545451, 0.5776194261538012, 0.570023541514938, 0.5675152875818646, 0.5594734154842995, 0.5540093639949419, 0.5534018954715215, 0.5521576082384267, 0.5496983281126968, 0.5511525085380484, 0.5477012454926431, 0.5428176903509879, 0.5462653610083433, 0.5409198089225874, 0.5418895458852921, 0.5375532021930626, 0.536119372189582, 0.544131346114047, 0.5418301401911554, 0.532647542051367, 0.538583398133785, 0.539053931698069, 0.5404204095269112, 0.5361394283470807, 0.5336173364708011, 0.5337349675797127, 0.5371584194200528, 0.53437573872171, 0.5304888264015988]
test_loss -----> [0.5404928036638208]
val_auc_roc -----> [0.7424499907864295, 0.7640251018611413, 0.7745388096066829, 0.7789869167297967, 0.7855592637333388, 0.7871204520791958, 0.7928277471796237, 0.7938207653405949, 0.792259576994738, 0.7979054482913945, 0.7944452406789377, 0.798488974427223, 0.8025173522245654, 0.798309821666223, 0.8043600663377081, 0.8011301979893942, 0.8047900329641081, 0.8091920722343933, 0.8035922687905653, 0.8026504371327369, 0.8107737351815073, 0.807175324010565, 0.8042832865829939, 0.8095094285538789, 0.805655084867222, 0.8080557318646221, 0.8092074281853361, 0.8045289817980796, 0.8093405130935074, 0.8098933273274503]
val_auc_pr -----> [0.7203676636113767, 0.7372203327974277, 0.7404321211089125, 0.7460033585095216, 0.7539895762981649, 0.7572657745723623, 0.7653411922291535, 0.7654610093991959, 0.7587198781682517, 0.7696354155197863, 0.762256660069256, 0.7719390980154937, 0.7735543635211701, 0.7702546294726873, 0.774411606764895, 0.7732663668253872, 0.7774873927458018, 0.7807335954853978, 0.7716266273961478, 0.7781144208330825, 0.784353020894841, 0.7848538696566356, 0.7797765370652812, 0.7890395508185905, 0.7830913909314089, 0.7802565418117546, 0.7870691614403476, 0.7843063350201195, 0.7836963550322364, 0.7873285253699547]
test_auc_roc -----> [0.8060993889081056]
test_auc_pr -----> [0.791578801921127]
cm -----> [[201  62]
 [ 94 232]]
--------
