--------
epochs_index -----> 15
train_acc -----> [0.6936860068259391, 0.761945392491467, 0.7773037542662116, 0.7781569965870311, 0.7977815699658708, 0.8242320819112624, 0.796075085324232, 0.8216723549488054, 0.7841296928327646, 0.81740614334471, 0.8361774744027304, 0.8054607508532421, 0.8302047781569967, 0.7858361774744029, 0.8199658703071676, 0.8259385665529007]
test_acc -----> [0.8214285714285714]
val_acc -----> [0.5297619047619049, 0.538690476190476, 0.6428571428571428, 0.6398809523809523, 0.6726190476190478, 0.7053571428571427, 0.711309523809524, 0.7321428571428571, 0.7232142857142856, 0.7261904761904763, 0.7529761904761902, 0.7827380952380952, 0.7976190476190477, 0.7976190476190478, 0.7797619047619045, 0.7946428571428574]
train_f1_score -----> [0.47402892278775627, 0.5681456124480283, 0.6096700715820822, 0.6200227453527494, 0.647895327370231, 0.688737192778783, 0.6571103444595188, 0.6992036317133864, 0.6562002191913167, 0.6916950994876757, 0.7320819019861395, 0.68737200499105, 0.7046643827005681, 0.638452779343914, 0.6898423447291099, 0.7124004461394764]
test_f1_score -----> [0.7388888803855821]
val_f1_score -----> [0.5627550959507044, 0.5769274314150081, 0.6389455710776886, 0.6230725553811947, 0.6441043010741171, 0.6603174528192368, 0.660317452764673, 0.6664965909047175, 0.6572562282329757, 0.666780037621071, 0.6764172257216488, 0.6994330983866617, 0.7040249350107673, 0.7002267491153658, 0.6991496516509301, 0.6955782231478881]
train_loss -----> [0.6113465455815248, 0.5358970994225136, 0.5044351038062121, 0.4982147506174374, 0.4683503305647557, 0.4409042672085683, 0.45292245179618185, 0.4102133503851223, 0.45141296467581726, 0.40552484350908324, 0.38437038314220445, 0.4279048087602994, 0.40029452949660616, 0.4511511604279381, 0.400209280868846, 0.3965978738136667]
val_loss -----> [0.6788905823514574, 0.6660423942265057, 0.616599145034949, 0.6042057992446989, 0.5882723310164042, 0.5762671725380991, 0.5655938855239326, 0.5524448986564361, 0.553089966731412, 0.5494568276972999, 0.5372907693187393, 0.5221407817942758, 0.517663313696782, 0.5062196373584724, 0.521640065880049, 0.5121782590590773]
test_loss -----> [0.4628458001783916]
cm -----> [[78  4]
 [26 60]]
--------
