--------
epochs_index -----> 29
train_acc -----> [0.66847825050354, 0.7042572498321533, 0.7144474387168884, 0.717391312122345, 0.7314311861991882, 0.7271286249160767, 0.7280344367027283, 0.7278079986572266, 0.7348278760910034, 0.7416213750839233, 0.7370923757553101, 0.7479619383811951, 0.7463768124580383, 0.74660325050354, 0.7502264380455017, 0.7506793737411499, 0.7409420013427734, 0.7434329986572266, 0.7429800629615784, 0.7456974387168884, 0.7355072498321533, 0.748641312122345, 0.7459239363670349, 0.748641312122345, 0.7506793737411499, 0.7543025612831116, 0.7441123127937317, 0.75339674949646, 0.74660325050354, 0.7556612491607666]
test_acc -----> [0.7368420958518982]
val_acc -----> [0.6990950107574463, 0.6957013607025146, 0.7138009071350098, 0.7138009071350098, 0.7386877536773682, 0.7375565767288208, 0.7364253401756287, 0.7319004535675049, 0.7217194437980652, 0.7307692170143127, 0.7341628670692444, 0.7443438768386841, 0.7386877536773682, 0.7341628670692444, 0.75, 0.7432126402854919, 0.7420814633369446, 0.692307710647583, 0.7488687634468079, 0.733031690120697, 0.7466063499450684, 0.7409502267837524, 0.733031690120697, 0.7341628670692444, 0.7352941036224365, 0.7296379804611206, 0.7386877536773682, 0.7352941036224365, 0.7319004535675049, 0.7443438768386841]
train_f1_score -----> [0.6684765558384165, 0.7042569987258434, 0.7144473269784803, 0.7173815024342154, 0.7314244885962597, 0.7270977049284852, 0.7280226860287865, 0.7277918298269224, 0.7348027487706714, 0.7416012177953821, 0.7370758701673812, 0.7479402238504915, 0.7463680144917721, 0.7465694539620602, 0.7502049118212495, 0.7506725793837917, 0.7408841446230163, 0.7434247428908272, 0.7429657138619442, 0.7456661447906474, 0.7354833140837415, 0.7486280998122898, 0.7459176019264082, 0.7485851401761416, 0.750640662252444, 0.7542969748611577, 0.7440845452342624, 0.7533754749803108, 0.7465985649451157, 0.7556475814773551]
test_f1_score -----> [0.7346114105513845]
val_f1_score -----> [0.6970855526575959, 0.6884350822585545, 0.7137184726186667, 0.7129895862316843, 0.7385402278881683, 0.7372122056629478, 0.7354744783039362, 0.7306177504126898, 0.7216681633987474, 0.7272793214145976, 0.7268128157532544, 0.7440491086976218, 0.7382775051131572, 0.7315628717839455, 0.749799887665477, 0.741350882004333, 0.741497919816159, 0.6749999952971737, 0.748683531509644, 0.732944183413113, 0.7460330439419928, 0.7408756130797078, 0.732944183413113, 0.7340863279644476, 0.729981198095178, 0.729621050336522, 0.7378824294867147, 0.7342275620711842, 0.7314299508817743, 0.7425397511981886]
train_loss -----> [0.6161676721944328, 0.5751415054327343, 0.5579220525704429, 0.5499262420757519, 0.5386517026826095, 0.5396573236347094, 0.5430907341179211, 0.5321800804602487, 0.5308685874890376, 0.5269744643752561, 0.5302948835643303, 0.5229214629077391, 0.520473094738049, 0.5229270632878169, 0.5176313695214372, 0.5130115535812103, 0.5230014368459799, 0.5164774154731328, 0.5149731041890552, 0.5137035610505205, 0.5299181647436779, 0.5140627184747787, 0.5131032690135897, 0.5091734012669844, 0.5057621260808001, 0.5152216491329923, 0.5144132254510255, 0.5046809344296003, 0.5047284799587473, 0.5041402652049841]
val_loss -----> [0.6165018731409367, 0.6286614288886386, 0.5621384552738687, 0.5432490329216192, 0.5300295828162014, 0.5473733888016092, 0.5287220989530151, 0.5455198510810062, 0.5480476177490512, 0.5469946667954725, 0.6360795570386418, 0.5117657027534536, 0.5397623895524855, 0.5862278700680346, 0.5107423187913124, 0.5264929957217995, 0.5254485260795903, 0.7285610889797808, 0.5124871887870741, 0.5470054587265393, 0.5178524179233086, 0.5301506158199396, 0.5428863689974622, 0.547570828918938, 0.5694765966754777, 0.560601521585439, 0.5249455783281239, 0.5515189181576977, 0.5804312500330777, 0.542214816218024]
test_loss -----> [0.50160885179365]
val_auc_roc -----> [0.7511568149710284, 0.7653405949919125, 0.7872279437357957, 0.8039966421653939, 0.8125703814418215, 0.7998505354108227, 0.8175252349460495, 0.8063409840093365, 0.7978696177391944, 0.8151143506480212, 0.8103795991073074, 0.8279621629368767, 0.8092842079400504, 0.810604819721136, 0.8292930120185908, 0.8235396490653345, 0.8173921500378781, 0.8052455928420793, 0.8280850105444196, 0.806028746340165, 0.8251008374111916, 0.8187485923711636, 0.8042372187301652, 0.8058649495301078, 0.8139831289285641, 0.799133924366823, 0.8194191355623349, 0.8077537314960791, 0.8030906410597654, 0.8158411989926496]
val_auc_pr -----> [0.7536387683546925, 0.7744106149236485, 0.7851456527673877, 0.7951011123912541, 0.8033087867407968, 0.7932804009800031, 0.8053397002642687, 0.802249969469648, 0.7904443829148103, 0.7749232640845, 0.7409498214955303, 0.8169415012545367, 0.7782324777579814, 0.7471574764984911, 0.8140793603410585, 0.80560918155554, 0.8074766104609199, 0.7300731146948838, 0.8179802284757816, 0.794563361154137, 0.8083440540493747, 0.7924867846872841, 0.7924587548108906, 0.7917420413035197, 0.7622481401779801, 0.7878364840082082, 0.8050021418360925, 0.7990869234796745, 0.7952912793300522, 0.764656849131643]
test_auc_roc -----> [0.8416464891041162]
test_auc_pr -----> [0.8417403315912939]
cm -----> [[190  50]
 [105 244]]
--------
