--------
epochs_index -----> 39
train_acc -----> [0.5946519374847412, 0.6568335890769958, 0.6733871102333069, 0.6746604442596436, 0.678056001663208, 0.6897283792495728, 0.6818760633468628, 0.6774193644523621, 0.6740237474441528, 0.689091682434082, 0.6905772686004639, 0.6827249526977539, 0.694609522819519, 0.6982173323631287, 0.6926994919776917, 0.6929117441177368, 0.6933361887931824, 0.691426157951355, 0.6880305409431458, 0.6965195536613464, 0.7037351727485657, 0.7009762525558472, 0.6899405717849731, 0.7005518078804016, 0.6954584121704102, 0.6935483813285828, 0.6903650164604187, 0.6880305409431458, 0.6897283792495728, 0.7016128897666931, 0.7026740312576294, 0.6960950493812561, 0.6973684430122375, 0.7035229206085205, 0.6977928876876831, 0.6965195536613464, 0.7050085067749023, 0.6986417770385742, 0.7018251419067383, 0.7035229206085205]
test_acc -----> [0.6910017132759094]
val_acc -----> [0.6621392369270325, 0.6842105388641357, 0.6638370156288147, 0.6706281900405884, 0.6808149218559265, 0.6689304113388062, 0.6842105388641357, 0.6876060962677002, 0.6774193644523621, 0.685908317565918, 0.6791171431541443, 0.6825127601623535, 0.6842105388641357, 0.6977928876876831, 0.6960950493812561, 0.6876060962677002, 0.6960950493812561, 0.6977928876876831, 0.685908317565918, 0.6943972706794739, 0.6910017132759094, 0.6943972706794739, 0.6876060962677002, 0.6910017132759094, 0.6910017132759094, 0.6977928876876831, 0.6757215857505798, 0.6943972706794739, 0.6943972706794739, 0.7028862237930298, 0.7079796195030212, 0.6893039345741272, 0.7011884450912476, 0.7028862237930298, 0.6842105388641357, 0.6842105388641357, 0.6910017132759094, 0.706281840801239, 0.6960950493812561, 0.6994906663894653]
train_f1_score -----> [0.5878804214646797, 0.6568323593639339, 0.6733763675799516, 0.6745946458420918, 0.6780469593706691, 0.689727845060685, 0.6815909457192664, 0.6772497976249309, 0.6737439264111549, 0.6889190487821659, 0.6904692856562541, 0.6823065542644734, 0.6944274909047828, 0.6980148732727629, 0.6925066491922296, 0.6928496099825368, 0.6931779444798344, 0.6913280463926796, 0.6878280922382547, 0.6963827732372826, 0.7036497163244421, 0.700883417750954, 0.6896626894635471, 0.7003855136938955, 0.6951369760075736, 0.6934509621327393, 0.6901804790341233, 0.6879535940304196, 0.6894696631219062, 0.7014991064897153, 0.7025427128107605, 0.69590436572048, 0.6972034001519122, 0.7032181392675099, 0.6976921628154226, 0.6963934986051854, 0.7048417283620116, 0.6984948847189274, 0.7017325776579699, 0.7032720797192988]
test_f1_score -----> [0.6844296027391783]
val_f1_score -----> [0.6581025254823578, 0.6836405799182312, 0.6618632813298506, 0.6672897690779747, 0.6784038054226467, 0.6582764266175898, 0.6810097783949931, 0.6846528035149388, 0.6741497737364839, 0.6847305555732186, 0.6714459798524128, 0.6779642136197755, 0.6803172441450636, 0.6942954066364019, 0.6917411454451179, 0.6835108818749052, 0.6943896061459598, 0.6945163120461757, 0.6797002863787248, 0.6882058110024591, 0.6864455314958169, 0.6882058110024591, 0.6824574513437716, 0.6880804903790396, 0.687651510181612, 0.6922566582131179, 0.6686576786165386, 0.691083911113894, 0.689360550119958, 0.6999770002956327, 0.7052189246995435, 0.6828534810250606, 0.6998726064622312, 0.6981212151652738, 0.6812251166508382, 0.6787197304247421, 0.6890215550345282, 0.7054122998090442, 0.6943896061459598, 0.6954311557022763]
train_loss -----> [0.6686475210157438, 0.6342504125195974, 0.6182237884285904, 0.6106885474788718, 0.6058921315066885, 0.5995775296752837, 0.598106846997612, 0.599071872001593, 0.6009976570897674, 0.5918480101182222, 0.5858303113430993, 0.5957404562795507, 0.5914533647039756, 0.5854633703498966, 0.5851655875685255, 0.5773233286593685, 0.583752498764336, 0.586200180654817, 0.5872751432889997, 0.5831105356912655, 0.5802541055885763, 0.5862719291134897, 0.5826804768452215, 0.576361112106839, 0.5800829004300264, 0.5849735920518279, 0.5790280954997696, 0.5871250692419765, 0.5848432458519734, 0.5799018528900654, 0.579095633684678, 0.5765727781429762, 0.5748376604960199, 0.5746066931552923, 0.5797307536334861, 0.5791553972583067, 0.5687183242145739, 0.5769274620329784, 0.5730823254140002, 0.5731008124675336]
val_loss -----> [0.6503874337351001, 0.6268222855555046, 0.6236521436555966, 0.6136572296554978, 0.6079350432028642, 0.6140165792123692, 0.6006222238411774, 0.6040063198353792, 0.606953650310233, 0.5947641186617517, 0.6042227894067764, 0.6035905605232392, 0.5998970197664724, 0.5974137319906339, 0.596130819336788, 0.5959648792002652, 0.5904559984400467, 0.5870846940858944, 0.5951573377525484, 0.5927109992181934, 0.592320087793711, 0.5944376148887583, 0.5870097827267, 0.5920854077951327, 0.5899236435825758, 0.5894008762127646, 0.6007751729842781, 0.5912451550767229, 0.5932015869263055, 0.5890501938961646, 0.5861605425944197, 0.59351715888526, 0.5847070406417589, 0.5886460566842879, 0.5941351680336769, 0.5950119173204581, 0.5845826981035437, 0.5824587558572359, 0.5811261764249289, 0.5899915389112522]
test_loss -----> [0.5908262004723418]
val_auc_roc -----> [0.7181021561166839, 0.73402513547792, 0.7259656404934854, 0.7399285137783926, 0.7460394327222415, 0.7467542949383144, 0.7548137899227487, 0.750363196125908, 0.7452899803989392, 0.755459471924363, 0.7576501787155541, 0.752115761558861, 0.7539375072062724, 0.7568891963565088, 0.7589761328260118, 0.7572120373573157, 0.7567393058918482, 0.7682924017064453, 0.7615358007609824, 0.7664821860947769, 0.7625735039778624, 0.766897267381529, 0.7697913063530496, 0.7578000691802145, 0.7651101118413468, 0.7668396172028132, 0.753810676813098, 0.7625619739421192, 0.7615242707252393, 0.7605557477228179, 0.765340712556209, 0.7645912602329066, 0.7662169952726854, 0.7662515853799147, 0.7540528075637035, 0.7572812175717745, 0.7654444828778969, 0.7635189669087975, 0.7664937161305202, 0.7632191859794766]
val_auc_pr -----> [0.6749553762276927, 0.6871165107085486, 0.6847984958334081, 0.7000341563213935, 0.702839927419821, 0.7214229342597069, 0.7099813445366848, 0.7107363764397499, 0.6973743036433022, 0.7174480580603851, 0.7160779720322134, 0.710432796032971, 0.7135195801786767, 0.7179556669019611, 0.7224462753871091, 0.7190906312617764, 0.7208622755247004, 0.7259119103548236, 0.7184315548898066, 0.7283585146517046, 0.7252156655266006, 0.7304793474202531, 0.7259244207022382, 0.722655295910931, 0.7225367877400594, 0.734045289867332, 0.7216695147339109, 0.7197005734904698, 0.7242297467768346, 0.7219879652570478, 0.7324303464889722, 0.7240802896851867, 0.7327556056897454, 0.7378046717794953, 0.723137321666802, 0.7302933592131171, 0.7295697196375547, 0.7343742656351424, 0.7348691383291562, 0.7261224561293106]
test_auc_roc -----> [0.7674968292401707]
test_auc_pr -----> [0.7498899120470415]
cm -----> [[161  48]
 [134 246]]
--------
