--------
epochs_index -----> 29
train_acc -----> [0.6222826242446899, 0.68138587474823, 0.6872735619544983, 0.6961050629615784, 0.7004076242446899, 0.7038043737411499, 0.7040308117866516, 0.70652174949646, 0.7049366235733032, 0.713994562625885, 0.7069746255874634, 0.7158061861991882, 0.7151268124580383, 0.7146739363670349, 0.7158061861991882, 0.7137681245803833, 0.7158061861991882, 0.7194293737411499, 0.7146739363670349, 0.717391312122345, 0.7205616235733032, 0.710597813129425, 0.7117300629615784, 0.7124094367027283, 0.7225996255874634, 0.7239583134651184, 0.7108242511749268, 0.7135416865348816, 0.72486412525177, 0.7275815010070801]
test_acc -----> [0.6943972706794739]
val_acc -----> [0.6504524946212769, 0.6583710312843323, 0.6776018142700195, 0.6809954643249512, 0.679864227771759, 0.679864227771759, 0.692307710647583, 0.6821267008781433, 0.679864227771759, 0.6877828240394592, 0.6877828240394592, 0.6900452375411987, 0.6990950107574463, 0.6957013607025146, 0.6934388875961304, 0.7047511339187622, 0.6990950107574463, 0.6934388875961304, 0.6945701241493225, 0.7024886608123779, 0.6900452375411987, 0.6945701241493225, 0.7024886608123779, 0.7013574838638306, 0.6968325972557068, 0.6945701241493225, 0.7047511339187622, 0.6979637742042542, 0.7070135474205017, 0.7047511339187622]
train_f1_score -----> [0.6207797282225072, 0.6813210046440789, 0.687251590369, 0.6960801317970136, 0.7003611237700424, 0.7036919645930171, 0.703940779790428, 0.7065081890853244, 0.7047759808967295, 0.713912039312671, 0.7068302506416853, 0.7155996326030007, 0.715046790220468, 0.714580236886317, 0.7156329040377756, 0.7137530801202062, 0.715570907840351, 0.7193253549035692, 0.7146246798065349, 0.7173458452215794, 0.72046985094249, 0.7105407635958627, 0.7115851135563076, 0.7123597963525865, 0.7225682063382004, 0.7238654247004823, 0.7107576889037365, 0.7135003932640613, 0.7246291409108202, 0.7274898325140564]
test_f1_score -----> [0.6915081772431404]
val_f1_score -----> [0.6444350673377663, 0.650336602835818, 0.6703628785435718, 0.6748015792810447, 0.6724498391026963, 0.6726761214667338, 0.686531356546833, 0.6758511656709978, 0.6728986699410671, 0.6810966761927572, 0.6826893015172433, 0.6849886543690114, 0.6955039834426433, 0.6908267029920314, 0.688161498579429, 0.7021251823920405, 0.6938229117414896, 0.6898570826027065, 0.6906109955485165, 0.6991590347497834, 0.6855236116884513, 0.6899422132199491, 0.698394099202559, 0.6976415118153305, 0.6917054839715004, 0.6892187450749307, 0.7011529041309972, 0.6929465389818854, 0.7024903306383707, 0.7000214477375377]
train_loss -----> [0.6556416584205805, 0.6142145018430715, 0.6004353284943797, 0.5842722624108408, 0.5846041912833851, 0.5777733738979558, 0.5725506063874652, 0.5681850516061849, 0.5719089576083679, 0.5712934071063133, 0.5715972292034526, 0.5648007899846716, 0.5570954338687919, 0.5640867650508878, 0.5588565689066183, 0.5586918295509564, 0.5615110185699184, 0.5531436621710868, 0.5535795852757884, 0.5494407896978268, 0.5476750868062178, 0.5631085596978668, 0.5596853086751875, 0.5602504061400023, 0.5540599763339418, 0.5540938779063843, 0.5585593335546454, 0.5578247838370182, 0.5445686910247456, 0.546860656741521]
val_loss -----> [0.6462060578234566, 0.623929913785007, 0.612561123328166, 0.6032914943523234, 0.5990883197870337, 0.5972681276433103, 0.5944255708574172, 0.5907165692733214, 0.5928190718362999, 0.5871517787108551, 0.5841256906320382, 0.5844338157692469, 0.5832408556530067, 0.5842468343876507, 0.5855662997241489, 0.5826066340412104, 0.5830969461449629, 0.5811675770862685, 0.5806353411695978, 0.5782246686316825, 0.5787723902109507, 0.580180068273802, 0.5758229069881611, 0.5764616188165304, 0.5790287876451335, 0.5802265445928317, 0.5791645769600392, 0.5791817371909681, 0.5750357828161737, 0.5747496099085418]
test_loss -----> [0.5870595811992076]
val_auc_roc -----> [0.7312964517516022, 0.752856206875371, 0.7635490673819127, 0.7701828381892262, 0.7727216887451117, 0.7716979586822545, 0.7713242972093118, 0.7738477918142544, 0.7720357896029975, 0.7779529493663111, 0.7795192563624823, 0.7780348477713397, 0.7760436927990828, 0.7782447124342253, 0.7757775229827399, 0.773822198562683, 0.7781474580782539, 0.7770674228619399, 0.7775332200405397, 0.7775844065436825, 0.7769343379537683, 0.7767756597940254, 0.7816537335435393, 0.7813107839724822, 0.7818226490039106, 0.7792019000429966, 0.7783624413914538, 0.7785569501033968, 0.7821963104768535, 0.7824368870416248]
val_auc_pr -----> [0.7091584469718906, 0.7349671411421953, 0.7495871038934454, 0.754712451292653, 0.7624749834054754, 0.7577632847766222, 0.7551469326719447, 0.7604226181786198, 0.7561364800830284, 0.7625318678874613, 0.763234467467312, 0.7612357385714194, 0.762713536966778, 0.7616651072414004, 0.7590215242931746, 0.7581202255252552, 0.7624084118063604, 0.7602867341818473, 0.7620008650556742, 0.7636367025244872, 0.763969971485328, 0.760890481150015, 0.7677418397524693, 0.7651133772567703, 0.763450521870934, 0.756740370634718, 0.7555361953764312, 0.7592070038929766, 0.763558402049092, 0.763433913027489]
test_auc_roc -----> [0.7640320534993658]
test_auc_pr -----> [0.7500722772212173]
cm -----> [[176  62]
 [118 233]]
--------
