--------
epochs_index -----> 39
train_acc -----> [0.61714768409729, 0.6702037453651428, 0.6727504134178162, 0.6812393665313721, 0.680390477180481, 0.6839982867240906, 0.6850594282150269, 0.6899405717849731, 0.6965195536613464, 0.6922750473022461, 0.691426157951355, 0.7003395557403564, 0.6905772686004639, 0.694609522819519, 0.6943972706794739, 0.6882427930831909, 0.6856960654258728, 0.6846349835395813, 0.6992784142494202, 0.7050085067749023, 0.6948217153549194, 0.6899405717849731, 0.6960950493812561, 0.700127363204956, 0.6905772686004639, 0.6967317461967468, 0.6963073015213013, 0.7022495865821838, 0.6912139058113098, 0.706918478012085, 0.6924872398376465, 0.6950339674949646, 0.700127363204956, 0.7073429822921753, 0.6963073015213013, 0.6916383504867554, 0.7067062854766846, 0.6939728260040283, 0.6916383504867554, 0.6994906663894653]
test_acc -----> [0.7045840620994568]
val_acc -----> [0.6383700966835022, 0.6587436199188232, 0.6723259687423706, 0.6757215857505798, 0.6808149218559265, 0.6723259687423706, 0.6774193644523621, 0.6774193644523621, 0.685908317565918, 0.6774193644523621, 0.6842105388641357, 0.6825127601623535, 0.6876060962677002, 0.6825127601623535, 0.6757215857505798, 0.6791171431541443, 0.6842105388641357, 0.6774193644523621, 0.6791171431541443, 0.6876060962677002, 0.685908317565918, 0.6842105388641357, 0.6808149218559265, 0.6740237474441528, 0.6706281900405884, 0.685908317565918, 0.6842105388641357, 0.6876060962677002, 0.6893039345741272, 0.6842105388641357, 0.6876060962677002, 0.6876060962677002, 0.6842105388641357, 0.6943972706794739, 0.6842105388641357, 0.6842105388641357, 0.6893039345741272, 0.6943972706794739, 0.6960950493812561, 0.6825127601623535]
train_f1_score -----> [0.6157910368554559, 0.6700367492684463, 0.6727432856055916, 0.6811380508403937, 0.6803277708007709, 0.683673450128303, 0.6848120706251261, 0.6896782453757311, 0.696470305111523, 0.692194963293418, 0.6911296091131608, 0.7002151188394985, 0.6904592443258366, 0.69457086134602, 0.6941116001223797, 0.6881797354349811, 0.6854603441180462, 0.6843563300968954, 0.6991612434189023, 0.705008005659403, 0.6947247115767752, 0.6897980519588023, 0.6959688741347061, 0.6998271829370906, 0.6904540560498589, 0.6966809103614504, 0.6960273354789168, 0.7021615588893355, 0.6910605112171903, 0.7068442314576342, 0.6923622136771037, 0.6947907918613899, 0.6999894915658413, 0.7072188765337643, 0.6962973238898442, 0.6913213719653839, 0.706670553514094, 0.6936946536512447, 0.6915021855632697, 0.6993996225026893]
test_f1_score -----> [0.7017912378354427]
val_f1_score -----> [0.6345781303647593, 0.6564620964182681, 0.6720196604728563, 0.6755868995319871, 0.6798098448629974, 0.6706513217917469, 0.6768371516389042, 0.6768371516389042, 0.6847305555753174, 0.6758486799755618, 0.6828199139346939, 0.6807310412838692, 0.6859322062536606, 0.6803901092548845, 0.6725463264962601, 0.6769718217067965, 0.6834431295251964, 0.677083328316113, 0.6767879957469018, 0.6863684721010048, 0.6850913622776197, 0.6835455419678449, 0.6794093754287307, 0.6731182745618851, 0.6700337233581277, 0.6854695031489066, 0.6835455419678449, 0.6874538524914768, 0.6888698327902552, 0.6837282566077743, 0.6870422940600686, 0.6864991156101663, 0.6832161230557607, 0.6934349576340509, 0.684005579123343, 0.6838085842241273, 0.6887871869474154, 0.6935483820880693, 0.6951953855275225, 0.6802082285432743]
train_loss -----> [0.6580733166080982, 0.6170780652144162, 0.6100859799389119, 0.597081175886714, 0.5970969515360874, 0.5919182667910343, 0.5916122183937368, 0.5872155142559059, 0.5838147862759024, 0.5822231678991048, 0.5818720499404622, 0.5816521535806221, 0.5796876620305211, 0.5851253469953721, 0.5804800881746467, 0.5887271658673955, 0.5825387563031476, 0.5838312992165162, 0.5762933410185509, 0.56681628555616, 0.57621942875442, 0.5805388199250849, 0.5777419102465153, 0.5793630178948211, 0.582189308969597, 0.5838205690649043, 0.5795472832001329, 0.5731823564537104, 0.5789338457058161, 0.5700891105701643, 0.5855278490911316, 0.5783160706327404, 0.5783844173764129, 0.5786350748939715, 0.5725954803930678, 0.5822013145998909, 0.5699269466468957, 0.5722315738733434, 0.5826045327609582, 0.5725608163960728]
val_loss -----> [0.6582422401453999, 0.6395227405670524, 0.631081596822352, 0.6199636080780544, 0.6170175027202917, 0.617045161289138, 0.611670910909369, 0.6126704719421024, 0.6116324320838257, 0.6081176009532567, 0.606886083209837, 0.6039730725256173, 0.6026223877797254, 0.6012752172914712, 0.6011219024658199, 0.59828146486669, 0.5992624268338487, 0.600815527342461, 0.5987627236424267, 0.599221739414576, 0.5985361587356878, 0.5984171902811208, 0.5972911103351696, 0.5961438022755287, 0.5973388097576195, 0.5968039945976156, 0.6013652352062432, 0.5977375434862597, 0.5956186434707125, 0.5969310016245455, 0.5959348191280623, 0.5949845080440108, 0.5946314576509837, 0.5954431146383289, 0.5948979512259769, 0.5915971277533352, 0.5929870541031296, 0.5940863026960475, 0.5949561297893523, 0.5969405830711935]
test_loss -----> [0.5718289053923377]
val_auc_roc -----> [0.6896344978669433, 0.712590799031477, 0.7218148276259656, 0.7342672662285253, 0.7370229447711287, 0.7307621353626196, 0.7372766055574771, 0.7343825665859565, 0.7359045313040469, 0.7410123371382451, 0.7422691110342442, 0.7466332295630117, 0.7470079557246627, 0.7497982243744955, 0.750247895768477, 0.7538913870632998, 0.7514239594142742, 0.7465236942234521, 0.7501441254467889, 0.7487028709789, 0.74974057419578, 0.748691340943157, 0.7499942349821285, 0.7505015565548253, 0.7478842384411392, 0.7504323763403667, 0.7414850686037127, 0.7468350051885162, 0.7492101925515968, 0.7474691571543871, 0.7491871324801107, 0.7489450017295054, 0.7498212844459818, 0.7484030900495791, 0.7501787155540183, 0.7561743341404358, 0.7532572350974288, 0.7517813905223106, 0.7500403551251009, 0.7491525423728814]
val_auc_pr -----> [0.6617592278683524, 0.6852331301667047, 0.689528542598016, 0.70045034342207, 0.7068551947703154, 0.7041606942369132, 0.7123463875292655, 0.7029814166874541, 0.7052023200155005, 0.7092172722689903, 0.7088425643181053, 0.7153387633759579, 0.7159172730361807, 0.7194910913505534, 0.7240223992830639, 0.7289234993092879, 0.7255003274034235, 0.7188161809654696, 0.7219887972066382, 0.7208827956724315, 0.7230977093026612, 0.7219570658814235, 0.7225679978041459, 0.7267306915046463, 0.7234031148374017, 0.7242569707187848, 0.7136541556332677, 0.7216061874105723, 0.719673882080201, 0.719095981390998, 0.7215721740926819, 0.721479711541847, 0.7199564360824573, 0.7173957285180717, 0.7186969332223037, 0.7279485101528002, 0.7253907798576944, 0.7223397278413366, 0.7214897044292181, 0.7197218788067461]
test_auc_roc -----> [0.7858584111610746]
test_auc_pr -----> [0.7805575798141285]
cm -----> [[179  59]
 [115 236]]
--------
