--------
epochs_index -----> 39
train_acc -----> [0.61332768201828, 0.6595925092697144, 0.6733871102333069, 0.6924872398376465, 0.6846349835395813, 0.6880305409431458, 0.6776315569877625, 0.689091682434082, 0.6827249526977539, 0.6960950493812561, 0.6905772686004639, 0.6861205697059631, 0.7039473652839661, 0.6916383504867554, 0.7047962546348572, 0.6967317461967468, 0.7005518078804016, 0.6977928876876831, 0.6933361887931824, 0.6922750473022461, 0.698429524898529, 0.7037351727485657, 0.703098475933075, 0.6871816515922546, 0.7137096524238586, 0.6967317461967468, 0.6997028589248657, 0.7149830460548401, 0.7096773982048035, 0.700764000415802, 0.7098896503448486, 0.700764000415802, 0.6982173323631287, 0.7033106684684753, 0.6937606334686279, 0.7041596174240112, 0.6950339674949646, 0.7081918716430664, 0.695246160030365, 0.7058573961257935]
test_acc -----> [0.7215619683265686]
val_acc -----> [0.6434634923934937, 0.6706281900405884, 0.685908317565918, 0.6926994919776917, 0.6757215857505798, 0.6774193644523621, 0.6910017132759094, 0.6842105388641357, 0.685908317565918, 0.6774193644523621, 0.6842105388641357, 0.6740237474441528, 0.6706281900405884, 0.6825127601623535, 0.6791171431541443, 0.6842105388641357, 0.685908317565918, 0.6926994919776917, 0.6910017132759094, 0.6876060962677002, 0.685908317565918, 0.685908317565918, 0.6926994919776917, 0.6842105388641357, 0.6893039345741272, 0.6960950493812561, 0.6977928876876831, 0.7079796195030212, 0.7079796195030212, 0.6994906663894653, 0.6977928876876831, 0.6774193644523621, 0.6825127601623535, 0.6960950493812561, 0.7028862237930298, 0.7164685726165771, 0.7130730152130127, 0.7079796195030212, 0.706281840801239, 0.7079796195030212]
train_f1_score -----> [0.6099575164741098, 0.659308714334848, 0.6733747199051474, 0.6923775158511564, 0.6845730858631343, 0.6879576988386354, 0.677458979276492, 0.6889372157960145, 0.6825732798746554, 0.6959353353676044, 0.6905692171630506, 0.6859762621061627, 0.7037888581109362, 0.6916102386995944, 0.704660568052401, 0.6965978135236501, 0.7002679474724331, 0.6977688523284424, 0.6932315804078857, 0.6921863101293642, 0.6983913786536686, 0.7037137881803447, 0.7030419588157897, 0.6870048259177872, 0.7135780777085601, 0.6967150106229105, 0.6994705974132682, 0.7149107912074508, 0.7095894656380988, 0.7006733528946154, 0.7097813960500885, 0.7006067198032728, 0.6981302985268119, 0.7032451998458974, 0.6935237259415947, 0.7041147575293125, 0.6948052088302572, 0.708096858182014, 0.6951899435935027, 0.7056263675177856]
test_f1_score -----> [0.7209756385603663]
val_f1_score -----> [0.6434131272007579, 0.6706044412668367, 0.6855457483417534, 0.691900197577548, 0.6752685142235871, 0.676837151637455, 0.6903510140740097, 0.6833333283231751, 0.6849784712422784, 0.67614135722213, 0.6828199139324157, 0.6713628071247252, 0.668863304689155, 0.6802082285403288, 0.6779139190454229, 0.6816327192460055, 0.6826148074052056, 0.6916720844172215, 0.6896409909443417, 0.6866224012466036, 0.6843030802639487, 0.6830431760794202, 0.6898962964887415, 0.6812251166508382, 0.6855917692646734, 0.6933228566934022, 0.6953259354077128, 0.7055958475289932, 0.7064148881255257, 0.6978042473621273, 0.6949358641072412, 0.6741497737364839, 0.6787194583190945, 0.6931193318449289, 0.70089983454059, 0.7160724699197705, 0.7116065972132695, 0.7052189246995435, 0.7051804651566058, 0.7068227018522787]
train_loss -----> [0.6578930917437904, 0.6215384152222974, 0.604286387031471, 0.5934571238244127, 0.5935044191486756, 0.5882428186757459, 0.5922209067437768, 0.5892549540170797, 0.5912340156645448, 0.5793198863698995, 0.5805626717002367, 0.5849088379806494, 0.5772462909209501, 0.5806063009846593, 0.5683077751881804, 0.585207394762233, 0.5782352134155293, 0.5774596963956926, 0.5781882382258906, 0.5776372594420482, 0.5800430888281614, 0.5678228101928686, 0.5746591491893522, 0.580819787795961, 0.5697803342737036, 0.5737350808744313, 0.573273484593539, 0.5657222275772401, 0.5688586853356031, 0.5678453919033445, 0.5634488340448238, 0.5758403997318059, 0.5749880937141554, 0.5724093165938035, 0.5814377246819853, 0.571376158547522, 0.5756558323554147, 0.567384403205282, 0.5793680156532092, 0.564673327023388]
val_loss -----> [0.6516063902023678, 0.6309216131229659, 0.6218183713184818, 0.6150699265905327, 0.6132465170041933, 0.6081665645580033, 0.6076654522000132, 0.6080148018695213, 0.6049878959720201, 0.6037550769947668, 0.6014689795068795, 0.6045573132263646, 0.6026819187241633, 0.6020051965842377, 0.6005124510140033, 0.5996975810141177, 0.6001535194951134, 0.5959243641511816, 0.5960393777570211, 0.5922192069324287, 0.5942266023642305, 0.5934061559068192, 0.590211719274521, 0.5938443017972483, 0.5946687514314779, 0.5923072123849714, 0.5915584185638944, 0.5887894666678196, 0.5869507966814815, 0.5866813105908599, 0.5854502247797478, 0.5910423675904403, 0.5915632948682114, 0.5888822352564015, 0.5862692965043556, 0.5824902691953889, 0.5827294845838803, 0.5853407032586433, 0.5824621853393476, 0.584919221296504]
test_loss -----> [0.5688180472399734]
val_auc_roc -----> [0.6962642684192322, 0.7244321457396518, 0.7282139974633921, 0.7347515277297361, 0.7347284676582497, 0.741519658710942, 0.7416349590683731, 0.7394211922056958, 0.7437449556093625, 0.7415773088896576, 0.744125446788885, 0.7406894961374381, 0.7402859448864291, 0.7442868672892886, 0.7429839732503172, 0.7450017295053615, 0.7451170298627926, 0.7465236942234521, 0.7486221607286982, 0.7517468004150814, 0.7501325954110458, 0.753268765133172, 0.7569468465352241, 0.753591606133979, 0.7528421538106769, 0.7528882739536493, 0.754214228064107, 0.7590568430762136, 0.7601752565432954, 0.7596448748991121, 0.7606710480802491, 0.7539605672777585, 0.7542834082785657, 0.7566470656059033, 0.7609592989738269, 0.7640262884814942, 0.766286175487144, 0.7632653061224491, 0.7667473769168685, 0.7625158537991468]
val_auc_pr -----> [0.6764271511690924, 0.692229689545736, 0.7012287699472197, 0.7043800548932939, 0.696193589408874, 0.7044553814314108, 0.7036503738637327, 0.702576696206648, 0.7054102629194775, 0.7083601077625008, 0.7105874579218413, 0.7060112910229545, 0.7030445800620543, 0.7129685466470035, 0.7060831290748771, 0.7111748681091317, 0.7118208070579506, 0.7190579475020129, 0.7217607728680531, 0.7249636987926266, 0.718310153463191, 0.7264845275614751, 0.728170774910932, 0.7271141592929073, 0.7274083260247582, 0.7269043922295335, 0.7267609888085387, 0.7297345797981833, 0.7331620953503589, 0.7333734297087103, 0.7414289575822505, 0.7305861129796835, 0.730656613035221, 0.7339946410428718, 0.7375743690758315, 0.7386240125650176, 0.7441640148503015, 0.74270427761855, 0.7446622229131448, 0.7401364804086568]
test_auc_roc -----> [0.7840539605672777]
test_auc_pr -----> [0.7351184215082711]
cm -----> [[199  68]
 [ 96 226]]
--------
