--------
epochs_index -----> 29
train_acc -----> [0.6231883764266968, 0.67798912525177, 0.6829710006713867, 0.6974637508392334, 0.6999546885490417, 0.7056159377098083, 0.698369562625885, 0.707880437374115, 0.7110507488250732, 0.6981431245803833, 0.7130887508392334, 0.70923912525177, 0.7121829986572266, 0.7121829986572266, 0.7099184989929199, 0.7167119383811951, 0.7144474387168884, 0.711277186870575, 0.7128623127937317, 0.7228260636329651, 0.710597813129425, 0.7275815010070801, 0.7056159377098083, 0.720108687877655, 0.7205616235733032, 0.7171648740768433, 0.71875, 0.7158061861991882, 0.7151268124580383, 0.7142210006713867]
test_acc -----> [0.6706281900405884]
val_acc -----> [0.6402714848518372, 0.6753393411636353, 0.679864227771759, 0.6934388875961304, 0.6990950107574463, 0.7081447839736938, 0.7002262473106384, 0.7115384340286255, 0.7081447839736938, 0.7081447839736938, 0.7183257937431335, 0.7285068035125732, 0.7251130938529968, 0.720588207244873, 0.7307692170143127, 0.7239819169044495, 0.7183257937431335, 0.7194570302963257, 0.733031690120697, 0.7251130938529968, 0.7183257937431335, 0.7217194437980652, 0.720588207244873, 0.7171945571899414, 0.7273755669593811, 0.720588207244873, 0.7409502267837524, 0.7307692170143127, 0.7285068035125732, 0.7319004535675049]
train_f1_score -----> [0.6229458617756576, 0.6779874741749103, 0.6827882403505523, 0.6974218078769002, 0.6998434993360308, 0.7053683994576057, 0.6982328284064856, 0.7078459125207721, 0.7108512029478545, 0.6979973987077226, 0.71308451110846, 0.7091288091875938, 0.7121243754244688, 0.7121445726063365, 0.7098797777802417, 0.7165636860227811, 0.7143513541898505, 0.7112355742780365, 0.712809296888157, 0.7227641550864743, 0.7105443860197955, 0.7273768367643313, 0.7055501650266959, 0.7200668321419528, 0.7204349172397759, 0.7171328080298021, 0.718722070660143, 0.7157197233181598, 0.7150084318927534, 0.7141646663364023]
test_f1_score -----> [0.6699345977508162]
val_f1_score -----> [0.6388220733283709, 0.6738866880244188, 0.6793024317729099, 0.6930614495801961, 0.6958002103075366, 0.7080237348917284, 0.6988849206148695, 0.7092161479629968, 0.70597152967521, 0.7081388156229016, 0.7162835670870977, 0.7271646992568498, 0.7250705473082759, 0.7205707090933031, 0.7306023725365941, 0.7222402455576814, 0.7172311946857541, 0.719088909847708, 0.7320317467427038, 0.7250958797149125, 0.7164969715047005, 0.7208263317890508, 0.7201983119364338, 0.7160550880249341, 0.7268438986519626, 0.7198623048099297, 0.7407428702060783, 0.7302168555423725, 0.7284386709697194, 0.7314795183632339]
train_loss -----> [0.6533772912470334, 0.6169686526384038, 0.5968405193500763, 0.5855513382433112, 0.5783591319037521, 0.5723053984128048, 0.5801015147480412, 0.5741812772508983, 0.5706078093768897, 0.5677567532259051, 0.5667344498029654, 0.5711981695469309, 0.5639219251123888, 0.56062369874638, 0.5655091712116338, 0.5594076748019536, 0.5565757896967125, 0.5639197392038241, 0.5617016113862612, 0.5503877682098451, 0.5647662519004902, 0.5515549577556663, 0.5626189906312068, 0.550558824011166, 0.5512987778292616, 0.5518768029962323, 0.554909196749761, 0.5527347182396104, 0.5532288189329535, 0.5541805046462068]
val_loss -----> [0.6404882978211652, 0.6176861852138965, 0.602749833384076, 0.5924917762880927, 0.5976835352343479, 0.5824709072843328, 0.5789683517572042, 0.5807699400025447, 0.581344178399524, 0.5746901236675881, 0.572736654329944, 0.5686849522161055, 0.5675637152817871, 0.5614367605329631, 0.5576385619404078, 0.5659879037925789, 0.5655625274589473, 0.5592729898991883, 0.5586683738070565, 0.5573473433116534, 0.5612412415914704, 1.0834017814816654, 0.5569138696064818, 0.5575501516058637, 0.5549980299966829, 0.553761960955353, 0.5480923012301727, 0.5446507548158233, 0.5526946420605119, 0.546027786828376]
test_loss -----> [0.594473336999481]
val_auc_roc -----> [0.6971013083270202, 0.7267894801498741, 0.7451859093794149, 0.7547321922155565, 0.7564571773714707, 0.7674929874490695, 0.7715981450011262, 0.7739245715689687, 0.7738605884400402, 0.7765274052537826, 0.7810778853831821, 0.7862221289490386, 0.781272394095125, 0.7889298949652955, 0.7945808849122663, 0.7899433877275239, 0.7858587047767245, 0.7900048115312954, 0.793946172273295, 0.7908237955815811, 0.7933472901865236, 0.7911411519010667, 0.791683728834381, 0.7935469175487807, 0.7946576646669805, 0.7962853954669232, 0.8017367580516369, 0.8035282856616368, 0.7969303454065233, 0.8026939456604083]
val_auc_pr -----> [0.6645068127230915, 0.6883576106779342, 0.7121037370529991, 0.7203188801019904, 0.7082285901810372, 0.728359855721402, 0.7352174829099435, 0.7335853694044776, 0.7350768167392319, 0.7387119757212208, 0.7448606926739565, 0.7432549881553485, 0.7478575289902729, 0.7436346082845504, 0.7560151567420045, 0.7478740730449003, 0.7427634028812424, 0.7514904974983413, 0.7496319992637672, 0.7569695621797385, 0.7556070164079759, 0.7455726317041085, 0.7563490696178026, 0.7563312575107364, 0.756677726068922, 0.7587360886777809, 0.7633839499076918, 0.7666654448561446, 0.7520619429982076, 0.7569054562534674]
test_auc_roc -----> [0.7477458780122217]
test_auc_pr -----> [0.7498674964201759]
cm -----> [[184  84]
 [110 211]]
--------
