--------
epochs_index -----> 29
train_acc -----> [0.7259963750839233, 0.8360507488250732, 0.9187046885490417, 0.9562953114509583, 0.9710144996643066, 0.9744112491607666, 0.9793931245803833, 0.9780344367027283, 0.9848278760910034, 0.9889039993286133, 0.9898098111152649, 0.9932065010070801, 0.984375, 0.9868659377098083, 0.9852808117866516, 0.98777174949646, 0.9907155632972717, 0.9950181245803833, 0.9936594367027283, 0.99388587474823, 0.983016312122345, 0.9882246255874634, 0.9834691882133484, 0.9895833134651184, 0.9923007488250732, 0.9907155632972717, 0.9907155632972717, 0.9913949370384216, 0.9909420013427734, 0.9941123127937317]
test_acc -----> [0.8132427930831909]
val_acc -----> [0.7307692170143127, 0.7714931964874268, 0.8054298758506775, 0.8122171759605408, 0.7873303294181824, 0.7850678563117981, 0.7364253401756287, 0.7511312365531921, 0.7997737526893616, 0.7952488660812378, 0.8178732991218567, 0.8122171759605408, 0.8133484125137329, 0.779411792755127, 0.8133484125137329, 0.807692289352417, 0.8359728455543518, 0.7952488660812378, 0.8325791954994202, 0.807692289352417, 0.8246606588363647, 0.7850678563117981, 0.8167420625686646, 0.8235294222831726, 0.8122171759605408, 0.8246606588363647, 0.8359728455543518, 0.8178732991218567, 0.8416289687156677, 0.8280543088912964]
train_f1_score -----> [0.725882513791827, 0.8359995542688304, 0.9187011990597331, 0.9562946371500749, 0.9710142737124501, 0.974411120593174, 0.9793931014272368, 0.9780343871259212, 0.9848278927682526, 0.9889039799337724, 0.9898097729012945, 0.9932065153411735, 0.9843749877843929, 0.9868658696737002, 0.9852807853038759, 0.9877717115518954, 0.9907155704207733, 0.995018106850045, 0.9936594152853558, 0.9938858491978035, 0.9830162984724629, 0.9882246326766838, 0.9834691563573221, 0.9895833261922188, 0.9923007180539348, 0.99071557422956, 0.9907155704207713, 0.9913949207666941, 0.9909420239810194, 0.9941123090054182]
test_f1_score -----> [0.8132422410233484]
val_f1_score -----> [0.7227876139219568, 0.769411152053663, 0.8049466288201781, 0.8105061933750304, 0.7870152455342667, 0.7832930732017187, 0.7261793455113754, 0.7449148180706191, 0.7994593858624695, 0.794716910283247, 0.8175181215018076, 0.8122018091802843, 0.8128634813070814, 0.7762551042090458, 0.8133290623313401, 0.8062603085507951, 0.8351880732066266, 0.7899038128652451, 0.8325714674289887, 0.8074399769470018, 0.8242826406271035, 0.7814329909313776, 0.8145550556454175, 0.8228183730466536, 0.8118319229375763, 0.8228651530418465, 0.8359709565434765, 0.8174413468540036, 0.8414211566005761, 0.8280322875604474]
train_loss -----> [0.5531626972032415, 0.36664060711442226, 0.20335242578057927, 0.12642088404828575, 0.09223525591817734, 0.08431955740209594, 0.0634051746705182, 0.07130042035236213, 0.0594157998361158, 0.04197977420513655, 0.04400089021490348, 0.032222553285744436, 0.0656110711358636, 0.04326714609543515, 0.05626386418803777, 0.03864424075130057, 0.03914336767641783, 0.024836074346419306, 0.023693283923397084, 0.02751542409530692, 0.0716532334100173, 0.045455057751937034, 0.059083659263240905, 0.035689283560294945, 0.030858457143545168, 0.03482315743758778, 0.03605854264665945, 0.03183821626553436, 0.031621408435112915, 0.01945606311879372]
val_loss -----> [0.523552267401068, 0.5183398889394495, 0.5229303220723263, 0.6272324008976219, 0.7539001126576484, 1.0046003012276077, 1.3742824226737373, 1.4290657721224937, 1.0041023378589755, 1.0964269110988536, 0.9192970966661203, 1.178443031452249, 1.1319247348985126, 1.5980128344501843, 1.1989597634913862, 1.2996883681991822, 1.0468646889154716, 1.4111853203247777, 1.1639723555086372, 1.504375987070857, 1.5332635412582523, 1.7885357518397218, 1.613700628808187, 1.705271936912497, 1.5856521647669146, 1.7290109868651133, 1.348827229824819, 1.5202200788524913, 1.4040639088522544, 1.7158256655095805]
test_loss -----> [2.103204410018942]
val_auc_roc -----> [0.8368762924592044, 0.874370406011343, 0.8909087651767983, 0.8965392805225118, 0.8860255727769701, 0.8827496365758275, 0.8834508916688847, 0.8838808582952847, 0.8852961651071846, 0.88778126983477, 0.8966570094797404, 0.8941488708257407, 0.8909855449315125, 0.8936293278188407, 0.8947144816854691, 0.9012484388116541, 0.9059089699228108, 0.9064822587580107, 0.9057810036649536, 0.8883801519215413, 0.8939620400892692, 0.8984536557400544, 0.8984178251878545, 0.8965008906451547, 0.8999483016318257, 0.903311254888311, 0.9052077148297537, 0.8945046170225834, 0.9058577834196678, 0.9040611371593539]
val_auc_pr -----> [0.8261907299405651, 0.8598225280931588, 0.8806170661744853, 0.8877085434859914, 0.8795456427163446, 0.8670545058476596, 0.8701078433420781, 0.8732984629175027, 0.8647866408828455, 0.8746501480121428, 0.8763525371253785, 0.8846529834179945, 0.8698245872148168, 0.8856572897547107, 0.8735307869874426, 0.8835775572618438, 0.8949434337765227, 0.8824324490348673, 0.8786822449901325, 0.8656497590713973, 0.8706899847723399, 0.8870387876941722, 0.8733790083639364, 0.8692273161236913, 0.8786692945978003, 0.8781105827537785, 0.8850744788863476, 0.8743733033476049, 0.8839332663501869, 0.8825594889453002]
test_auc_roc -----> [0.8923152311772167]
test_auc_pr -----> [0.859571820712044]
cm -----> [[239  55]
 [ 55 240]]
--------
