--------
epochs_index -----> 39
train_acc -----> [0.6320033669471741, 0.691426157951355, 0.6886672377586365, 0.6871816515922546, 0.7050085067749023, 0.7075551748275757, 0.7009762525558472, 0.6977928876876831, 0.7088285088539124, 0.7126485705375671, 0.7005518078804016, 0.7092529535293579, 0.7173174619674683, 0.7137096524238586, 0.7160441279411316, 0.7143463492393494, 0.7084040641784668, 0.7134974598884583, 0.7090407609939575, 0.7139219045639038, 0.7122241258621216, 0.7126485705375671, 0.7205008268356323, 0.7143463492393494, 0.7177419066429138, 0.7166808247566223, 0.7168930172920227, 0.7175297141075134, 0.7177419066429138, 0.7151952385902405, 0.7181664109230042, 0.711799681186676, 0.7177419066429138, 0.7181664109230042, 0.7304753661155701, 0.7190153002738953, 0.7207130789756775, 0.7226231098175049, 0.7236841917037964, 0.7166808247566223]
test_acc -----> [0.706281840801239]
val_acc -----> [0.6791171431541443, 0.6926994919776917, 0.685908317565918, 0.6926994919776917, 0.6842105388641357, 0.6960950493812561, 0.7045840620994568, 0.6977928876876831, 0.6960950493812561, 0.6977928876876831, 0.7045840620994568, 0.706281840801239, 0.6876060962677002, 0.7113752365112305, 0.6994906663894653, 0.6943972706794739, 0.7334465384483337, 0.7181664109230042, 0.6994906663894653, 0.7249575257301331, 0.7096773982048035, 0.7402377128601074, 0.7181664109230042, 0.706281840801239, 0.706281840801239, 0.7300509214401245, 0.7334465384483337, 0.7334465384483337, 0.7079796195030212, 0.7045840620994568, 0.7096773982048035, 0.7028862237930298, 0.7198641896247864, 0.7283531427383423, 0.7045840620994568, 0.706281840801239, 0.7130730152130127, 0.7419354915618896, 0.7283531427383423, 0.7266553640365601]
train_f1_score -----> [0.6319864177934145, 0.6914081283034974, 0.6886004538735453, 0.6871689781773933, 0.7049574031810883, 0.7075138617842991, 0.700948951209609, 0.6977732085189723, 0.7088276786128251, 0.7126135523284961, 0.7005469088404206, 0.7092252545238228, 0.7173142228959054, 0.7136988279410484, 0.7159917437589005, 0.7143115519897538, 0.7083281925413328, 0.7134724643555559, 0.708985364829418, 0.7139012795321763, 0.712222807533988, 0.7126211639016026, 0.7204836093354221, 0.714283289508165, 0.7177075513122693, 0.716661399989224, 0.7168746205856437, 0.7174725848696485, 0.7177150279682726, 0.7151680959349377, 0.7181076716149629, 0.7117672010948615, 0.7177357774283788, 0.7181418018919217, 0.7304539618585177, 0.7190067198956558, 0.720706979718563, 0.7225240942078068, 0.7236393962341003, 0.7166301547236955]
test_f1_score -----> [0.7029908688039777]
val_f1_score -----> [0.6789838952950272, 0.689690497619577, 0.6816653324556932, 0.679849963817472, 0.6836405799182312, 0.6960389966405793, 0.7021725434885664, 0.6922566582131179, 0.6919896998906305, 0.6947297877120111, 0.7028495496528071, 0.7007614752734281, 0.6848582079678777, 0.7086466115636443, 0.6956694300371822, 0.6890836099288825, 0.7327532093875755, 0.7167941092383567, 0.6946711719666365, 0.7237463760062508, 0.7057555231372137, 0.7391519501199477, 0.7144717733792931, 0.7029908688002824, 0.7034058345209846, 0.7293487917367398, 0.7308365083237998, 0.7334342204836491, 0.7077901050463973, 0.7030011078131284, 0.7066331459272132, 0.6967178095079387, 0.7163020107145832, 0.728333558925789, 0.7044400558862359, 0.7001838916286582, 0.70919697895294, 0.7419347349725586, 0.7276930139417898, 0.7243383040530014]
train_loss -----> [0.6390335131278464, 0.5875657706794996, 0.5833464511282778, 0.5790115375267837, 0.5713730054719343, 0.5653906362368412, 0.5637656630148097, 0.570777700616265, 0.5611396873391945, 0.5550730588430062, 0.5600558128998514, 0.5573643507951388, 0.5537457733789808, 0.557450137867992, 0.5573859589715159, 0.5518990340682165, 0.5592199473915364, 0.5482139497590595, 0.5588659413146242, 0.5579547892958695, 0.555347556599332, 0.5575968018260191, 0.5534456882037609, 0.5416134496445567, 0.5550190508871611, 0.5530054192288013, 0.5448955621045394, 0.5412576574775283, 0.543517997668635, 0.5506849403039307, 0.5525275133613424, 0.5515671713445299, 0.5505513315087464, 0.5448233527218344, 0.542497583176365, 0.5458714331299419, 0.5452051744345693, 0.5434470558965957, 0.5434595230580999, 0.5470924313181732]
val_loss -----> [0.6495373192671182, 0.8356281079956003, 0.9575704022033794, 2.7620214449392786, 1.2524921793389958, 1.0672312209735044, 0.8013529705034719, 1.1618377149507806, 0.9406256103837816, 0.9597480625316906, 0.9977382443643902, 0.9459413044356012, 0.8236724865194917, 0.692372421557839, 1.0000941717141385, 0.70443008981041, 0.5405568514724037, 0.6170691155098582, 0.727831109150036, 0.5730666912890771, 0.9288998254247613, 0.5714495643167878, 0.6133831586386708, 0.9670126186432066, 0.7066986049349242, 0.5536954827808046, 0.62068958983228, 0.5824641152410892, 0.7192476323327502, 0.7124196089602804, 0.6114233460378005, 0.6511182593735491, 0.6095059371075113, 0.5947204977273942, 0.5912737568487991, 0.6476515014026613, 0.9944985140417075, 0.5954656776141476, 0.5669835165545748, 0.5615643182316341]
test_loss -----> [0.5747535977814646]
val_auc_roc -----> [0.7411506975671625, 0.7309927360774818, 0.731938199008417, 0.7335754640839387, 0.7304738844690418, 0.7373688458434222, 0.7655424881817134, 0.7469503055459472, 0.7485587455321112, 0.7513547791998155, 0.7536665513663092, 0.7534532457050617, 0.7600714862216073, 0.7716245820362043, 0.7540239824743457, 0.7631269456935317, 0.8042430531534649, 0.7841462008532226, 0.7639225181598063, 0.7987778162112302, 0.7558284330681426, 0.8021907067911911, 0.7818171336331142, 0.755367231638418, 0.7764844921019255, 0.7961374380260579, 0.7905453706906491, 0.7880202928629079, 0.7693416349590685, 0.7654271878242823, 0.7815404127752795, 0.7721664937161304, 0.7892424766516775, 0.7890464660440447, 0.7860025366078636, 0.7845382220684884, 0.7730773665398363, 0.7981321342096162, 0.8033437103655021, 0.8019370460048426]
val_auc_pr -----> [0.676641910544598, 0.653715544774006, 0.6473183854679745, 0.6405801479217506, 0.6342116482900474, 0.646074963157873, 0.6879339630672674, 0.6570768304771629, 0.6653006472341504, 0.6694525139656338, 0.6706640206348832, 0.673073426189511, 0.6835287993060004, 0.7030824001717271, 0.6685873172883424, 0.6943250299255245, 0.7940360923902302, 0.725105320214973, 0.6904083827030141, 0.7903882945772626, 0.6736028879858033, 0.7945292506447916, 0.7276683367156433, 0.671038346757753, 0.7037178351879056, 0.768308690760406, 0.7282521069468914, 0.7669969591243694, 0.7595268137043678, 0.7180576364240532, 0.7234302256246474, 0.7060594023484421, 0.7341586185536539, 0.7890136215032287, 0.7902413529403853, 0.7242900179947392, 0.780302008850748, 0.8008268591385687, 0.8022471433593943, 0.7977412117125611]
test_auc_roc -----> [0.8007033321803296]
test_auc_pr -----> [0.7927971388720308]
cm -----> [[177  55]
 [118 239]]
--------
