--------
epochs_index -----> 39
train_acc -----> [0.6001697778701782, 0.6691426038742065, 0.6878183484077454, 0.6865450143814087, 0.6867572069168091, 0.6939728260040283, 0.6888794302940369, 0.6926994919776917, 0.6965195536613464, 0.6982173323631287, 0.7056451439857483, 0.7088285088539124, 0.6950339674949646, 0.6960950493812561, 0.7098896503448486, 0.691426157951355, 0.6982173323631287, 0.700127363204956, 0.7064940333366394, 0.6933361887931824, 0.7073429822921753, 0.6903650164604187, 0.6954584121704102, 0.7081918716430664, 0.7090407609939575, 0.6916383504867554, 0.7041596174240112, 0.7033106684684753, 0.7003395557403564, 0.7039473652839661, 0.7073429822921753, 0.7088285088539124, 0.7130730152130127, 0.7151952385902405, 0.7113752365112305, 0.7120118737220764, 0.6997028589248657, 0.6967317461967468, 0.706918478012085, 0.7115874290466309]
test_acc -----> [0.7028862237930298]
val_acc -----> [0.6994906663894653, 0.6910017132759094, 0.7096773982048035, 0.6774193644523621, 0.6943972706794739, 0.6926994919776917, 0.6825127601623535, 0.6876060962677002, 0.6876060962677002, 0.6910017132759094, 0.6926994919776917, 0.685908317565918, 0.6842105388641357, 0.6808149218559265, 0.6808149218559265, 0.6740237474441528, 0.6791171431541443, 0.6791171431541443, 0.6960950493812561, 0.6842105388641357, 0.6893039345741272, 0.6791171431541443, 0.6893039345741272, 0.6825127601623535, 0.6723259687423706, 0.6926994919776917, 0.6723259687423706, 0.6842105388641357, 0.6842105388641357, 0.6926994919776917, 0.6943972706794739, 0.6893039345741272, 0.6960950493812561, 0.6926994919776917, 0.6926994919776917, 0.6774193644523621, 0.6876060962677002, 0.7028862237930298, 0.6876060962677002, 0.6808149218559265]
train_f1_score -----> [0.5995457978770155, 0.6691096888884228, 0.68778726870721, 0.6864738029070141, 0.6866957433943159, 0.6938349364113185, 0.6888067935220593, 0.6926529190621471, 0.6964880241714964, 0.6979802992715025, 0.7054757742580479, 0.7087930530906661, 0.6949607374023334, 0.695963558843139, 0.7098121476684006, 0.6912980049594347, 0.6979730567850311, 0.70007371461786, 0.7063591413202408, 0.6933151487152494, 0.7071862618315097, 0.69030240568387, 0.6952082146770572, 0.7080923340558236, 0.7089460309436587, 0.6914609230908679, 0.7040742869242598, 0.7031925720559447, 0.7002574187961791, 0.7037946244285714, 0.7073086613546755, 0.7087982999112427, 0.7129983378499396, 0.7150719940763303, 0.7113544066942185, 0.7118688063447112, 0.6995702631672053, 0.6965978135236501, 0.7066483228835796, 0.7115063389810939]
test_f1_score -----> [0.701062914627071]
val_f1_score -----> [0.6992687414638539, 0.6905297993683455, 0.7096640240332089, 0.6747861111682827, 0.6943963976052694, 0.6922701624316039, 0.6817936200565556, 0.6872806967368186, 0.686230452440657, 0.6910008020790961, 0.6921884198220343, 0.6848582079426364, 0.682959433808766, 0.6803274852274888, 0.679104645628866, 0.668355850925275, 0.6789838952957199, 0.6782825269759485, 0.6955017350827484, 0.682356415493969, 0.689300317532263, 0.6789357509827834, 0.6883841093386005, 0.6823332562101536, 0.671868184583512, 0.6923447590808449, 0.6710972825197259, 0.6841003409996053, 0.6826729181864273, 0.692695942422136, 0.6942906524179442, 0.686469736287398, 0.6955017350842561, 0.6924122201307864, 0.6926675937491122, 0.6721028031840315, 0.6859322062536606, 0.7017721468948068, 0.6873456526240187, 0.6784038054256537]
train_loss -----> [0.6594946879280039, 0.6180694963409867, 0.6005058334112577, 0.5973558867119355, 0.58976504520366, 0.5860253271404874, 0.5874925254510495, 0.5812851809382644, 0.5749691819395797, 0.5747237845066242, 0.5767541786304764, 0.5702082743213621, 0.5780554515750788, 0.5800421061610926, 0.5634278615079629, 0.5774277363143262, 0.5751896180301043, 0.5679684144987112, 0.5630603838705652, 0.5799737895486314, 0.5703411620420185, 0.5718473609416719, 0.5763768610656768, 0.563964599234341, 0.5650696335249726, 0.5715037446171805, 0.5702482631180201, 0.5653202611390107, 0.5733118288484624, 0.5661609901434699, 0.5629363981643238, 0.5656372665195192, 0.5624792076685234, 0.5608911443191799, 0.5686725233831715, 0.5625706153632423, 0.5747239294956833, 0.5788908857339915, 0.5663588915545188, 0.561394107184912]
val_loss -----> [0.6296413657633037, 0.6067467235230112, 0.5963913665429965, 0.5985361079911927, 0.5910329109913591, 0.5881232083649248, 0.5857052843312957, 0.5808592607846133, 0.5871544419913679, 0.5784993747601638, 0.5816485394497175, 0.5792567270833093, 0.5795945597661507, 0.576937356510678, 0.5779304673542843, 0.588092811607026, 0.574153516743634, 0.58260655282317, 0.5727807955967412, 0.574131676071399, 0.5711773702421705, 0.5684646251233845, 0.5712470400172313, 0.5770981654122066, 0.5740408679923495, 0.5714347890099963, 0.5731222315414531, 0.5741308263024771, 0.5742408979583429, 0.5720002852581643, 0.5717818145010921, 0.5710142919340646, 0.5659936267781901, 0.5698609356139157, 0.572191185242421, 0.5840079872994811, 0.5696492388441758, 0.5664295364876054, 0.5724651596030673, 0.5696952818213282]
test_loss -----> [0.5652410831000358]
val_auc_roc -----> [0.7403090049579153, 0.7548829701372073, 0.761086129367001, 0.7580883200737922, 0.7591490833621584, 0.7661593450939698, 0.76545601291364, 0.7714631615358007, 0.7635535570160266, 0.7709904300703332, 0.7680156808486107, 0.7699411968177101, 0.7689265536723164, 0.7727660555747723, 0.7690649141012337, 0.768246281563473, 0.7731350167185518, 0.7655367231638418, 0.7758791652254122, 0.7733079672546985, 0.7766286175487145, 0.7795687766632076, 0.7780352819093739, 0.7681771013490142, 0.7734347976478726, 0.7753257235097429, 0.7717398823936354, 0.7723048541450479, 0.7753949037242016, 0.7771589991928974, 0.7741957800069181, 0.7805142395941427, 0.7817018332756832, 0.7763057765479073, 0.7752911334025135, 0.7699873169606826, 0.7798800876282715, 0.7846304623544331, 0.7760867058687881, 0.7818632537760868]
val_auc_pr -----> [0.7062297331421905, 0.7307671884400566, 0.7326600333904061, 0.746885367273717, 0.7461990042450173, 0.7552546660913543, 0.7640326565322102, 0.7689011599227595, 0.7551669430806854, 0.7607092989949773, 0.7621455118742538, 0.7732361096744733, 0.7737458803166832, 0.7795430204264855, 0.7740365158307729, 0.7689245467958656, 0.7745941936367795, 0.7637641532874648, 0.7809421960920899, 0.7794996485765198, 0.7821163728403411, 0.7858709065232286, 0.782385687084709, 0.7727399869511993, 0.7815602565954414, 0.7795348122319641, 0.781047089066849, 0.780429015711753, 0.7837107885270935, 0.7854951891006261, 0.7822925512676999, 0.7875331561965567, 0.7892151734541072, 0.78138576170486, 0.7804234560064245, 0.7768550997009669, 0.7867639162445544, 0.7883937151402827, 0.7825358799521094, 0.7893523356700307]
test_auc_roc -----> [0.7804911795226566]
test_auc_pr -----> [0.7748948998641254]
cm -----> [[184  65]
 [110 230]]
--------
