--------
epochs_index -----> 29
train_acc -----> [0.6383605003356934, 0.6879528760910034, 0.69361412525177, 0.7060688138008118, 0.7096920013427734, 0.7121829986572266, 0.7239583134651184, 0.7300724387168884, 0.7210144996643066, 0.7273550629615784, 0.7230525612831116, 0.7334691882133484, 0.7339221239089966, 0.7327898740768433, 0.7355072498321533, 0.7336956262588501, 0.7368659377098083, 0.7327898740768433, 0.7429800629615784, 0.7352808117866516, 0.7384510636329651, 0.7318840622901917, 0.7413949370384216, 0.7459239363670349, 0.7393568754196167, 0.7441123127937317, 0.7355072498321533, 0.7509058117866516, 0.751358687877655, 0.7379981875419617]
test_acc -----> [0.7589133977890015]
val_acc -----> [0.6674208045005798, 0.7115384340286255, 0.7183257937431335, 0.7319004535675049, 0.733031690120697, 0.7296379804611206, 0.7375565767288208, 0.7319004535675049, 0.7386877536773682, 0.7251130938529968, 0.7420814633369446, 0.7488687634468079, 0.7364253401756287, 0.7375565767288208, 0.7409502267837524, 0.7398189902305603, 0.7398189902305603, 0.7398189902305603, 0.7420814633369446, 0.7352941036224365, 0.7375565767288208, 0.7364253401756287, 0.7443438768386841, 0.726244330406189, 0.7352941036224365, 0.7477375268936157, 0.7432126402854919, 0.7466063499450684, 0.7398189902305603, 0.7375565767288208]
train_f1_score -----> [0.6382772363197038, 0.6879321541622166, 0.6936128528155271, 0.7060687752861939, 0.7096748138423072, 0.7121764571238309, 0.7239576347227317, 0.730072237297621, 0.7209979488326579, 0.727327997491674, 0.7230484268866836, 0.733468856207151, 0.7339217553384819, 0.7327896308314892, 0.7355052882876176, 0.7336929705885731, 0.7368521191370633, 0.732789850069145, 0.7429800542806075, 0.7352660085240491, 0.7384346511742833, 0.7318831730422084, 0.7413940738209657, 0.7459136930211374, 0.7393530163419886, 0.7441118414539015, 0.7355070243653682, 0.7508873459863122, 0.7513096694269323, 0.7379897860942823]
test_f1_score -----> [0.7588960329800876]
val_f1_score -----> [0.6609633488216089, 0.7111832825191378, 0.7183225427701561, 0.7318918702739338, 0.7329824654954769, 0.7295130503759929, 0.7374221516558184, 0.7299566479510442, 0.7386713915797409, 0.7245770430807166, 0.7420484338516647, 0.7486513436387376, 0.7360575166436025, 0.7372122056629478, 0.7404956063789682, 0.7382703031365985, 0.7393867874444178, 0.7397710467535147, 0.7420814429470117, 0.7352073682568919, 0.7375444653068011, 0.7356130133351467, 0.7443111668440012, 0.7207497862324045, 0.7336238418466773, 0.7461912283810975, 0.7419017888653046, 0.7465596280115523, 0.7397976893547424, 0.7373939092368598]
train_loss -----> [0.6309130381306877, 0.5930308135955235, 0.5845275051837813, 0.5640038891654949, 0.5620731615015992, 0.5606636768341933, 0.5491265170276165, 0.5409835744919117, 0.5449714193093602, 0.5310322088931783, 0.5350782689840899, 0.5306309947771015, 0.5313147070777156, 0.5269314415105012, 0.5291285966455502, 0.5309545649890453, 0.5281022133548622, 0.5260665581656107, 0.5274313466650421, 0.5288071527645207, 0.5213065338253541, 0.5263506738010085, 0.5196077592023035, 0.5228638883032223, 0.5158449577680533, 0.521335378262228, 0.5212154635700627, 0.5146217520848126, 0.5103054586258051, 0.5185208429136999]
val_loss -----> [0.603855085265529, 0.5706116315480826, 0.562191939300245, 0.5464438694017429, 0.5395013518161603, 0.5375111674940262, 0.5330536056746236, 0.53554574957302, 0.5279237018512175, 0.5326896429330381, 0.522604378225567, 0.5221310029695702, 0.5257310508876235, 0.5237847933092632, 0.5242802131551879, 0.5296792041611026, 0.5196011685304814, 0.5181078458423012, 0.515703487100902, 0.5164509327025026, 0.5147624734017227, 0.5189520301851066, 0.5123185046889759, 0.5339556708260698, 0.5221609591363786, 0.5183704033628241, 0.5179236697721048, 0.5110913858757363, 0.5154522402329491, 0.5111937548394675]
test_loss -----> [0.5125004381344124]
val_auc_roc -----> [0.7569920763293135, 0.7799492229888823, 0.785615568886796, 0.8013195880510228, 0.8064433570156221, 0.8091613603325075, 0.8112241764091644, 0.815308859359964, 0.8155136053725354, 0.813947298376364, 0.8208165270981348, 0.8202330009623062, 0.8175047603447924, 0.8204633402264492, 0.8203353739685919, 0.8192041522491349, 0.8235805982678488, 0.8219682234188489, 0.8238262934829343, 0.8229612415798203, 0.8234679879609345, 0.824875616797363, 0.8246913453860487, 0.8264521610941628, 0.8235191744640773, 0.8266466698061055, 0.8270868737331342, 0.8268923650211911, 0.8234423947093632, 0.82557687189042]
val_auc_pr -----> [0.7607122911588748, 0.7823140551472125, 0.7850838076863882, 0.8001917913033869, 0.8039942593143644, 0.8050275322652404, 0.8073678673138328, 0.8123869985580322, 0.8115795837542106, 0.8077877547223854, 0.8150840797808919, 0.8147180168575039, 0.810907400395855, 0.8125558092487273, 0.8134862326850087, 0.811913320642503, 0.8196464578502578, 0.8200984661832584, 0.8206692644807257, 0.8222631995125508, 0.8217552779700661, 0.8196349621712371, 0.8209970863085764, 0.8201330540507408, 0.8187707938668848, 0.8205275218940188, 0.823161738312677, 0.8242508577015957, 0.8190190263419452, 0.823943694905221]
test_auc_roc -----> [0.8309062608094085]
test_auc_pr -----> [0.8026059505719352]
cm -----> [[221  69]
 [ 73 226]]
--------
