--------
epochs_index -----> 29
train_acc -----> [0.6247735619544983, 0.6711956262588501, 0.68410325050354, 0.6981431245803833, 0.7006340622901917, 0.7053894996643066, 0.704483687877655, 0.7035778760910034, 0.7049366235733032, 0.7069746255874634, 0.7108242511749268, 0.7205616235733032, 0.7119565010070801, 0.717391312122345, 0.7101449370384216, 0.710597813129425, 0.7180706262588501, 0.7253170013427734, 0.7144474387168884, 0.72486412525177, 0.72826087474823, 0.7275815010070801, 0.7232789993286133, 0.7228260636329651, 0.7216938138008118, 0.73097825050354, 0.7189764380455017, 0.7305253744125366, 0.7219203114509583, 0.7203351259231567]
test_acc -----> [0.7198641896247864]
val_acc -----> [0.6787330508232117, 0.6832579374313354, 0.679864227771759, 0.6787330508232117, 0.692307710647583, 0.6900452375411987, 0.6945701241493225, 0.7058823704719543, 0.6968325972557068, 0.709276020526886, 0.7013574838638306, 0.7081447839736938, 0.7126696705818176, 0.7126696705818176, 0.7239819169044495, 0.6990950107574463, 0.7013574838638306, 0.7081447839736938, 0.7024886608123779, 0.7194570302963257, 0.692307710647583, 0.7194570302963257, 0.7126696705818176, 0.7171945571899414, 0.7081447839736938, 0.6934388875961304, 0.7160633206367493, 0.7171945571899414, 0.709276020526886, 0.7036198973655701]
train_f1_score -----> [0.624518906314902, 0.671194568073054, 0.6840810779398028, 0.6981386374410787, 0.7005824023923702, 0.7053295142229262, 0.7044651260026179, 0.7035443122588552, 0.7049365740690703, 0.7068120198899823, 0.7107760838162182, 0.7205558573227231, 0.7119351863230441, 0.717311919034348, 0.7099235243628659, 0.7105716403677871, 0.7179611786495049, 0.7251616430237142, 0.7144397124465649, 0.7247847407163506, 0.7282552906135262, 0.7275392526794486, 0.7231788192521518, 0.7227815019480742, 0.7215241744481177, 0.7309106422045035, 0.7189522178248298, 0.7304537033522822, 0.7218618647457471, 0.720300702918028]
test_f1_score -----> [0.719540802031426]
val_f1_score -----> [0.6786919100662459, 0.6826715436366717, 0.6785276875090727, 0.6750588855714588, 0.691239311241129, 0.6893439923690698, 0.6937408526467097, 0.7052789182827268, 0.6942013446563672, 0.7082272147820623, 0.6977934271388506, 0.7077618499631833, 0.7115119695133716, 0.71195607053001, 0.7230960363679484, 0.6956537446220035, 0.7009150276712968, 0.7063032107530872, 0.7008714219103933, 0.7180701893986707, 0.6883192251818864, 0.7186953012821675, 0.711820024980053, 0.7168234978708031, 0.7075460034881491, 0.6927780399439962, 0.7132863016908005, 0.7169105540968523, 0.7077918937810216, 0.7031275585691128]
train_loss -----> [0.6473050294039047, 0.610370432391115, 0.5937632229989, 0.582900129042674, 0.5735845880555931, 0.5744779429573948, 0.5707612559739228, 0.569304237655108, 0.5631215695993638, 0.5711164446952548, 0.5593523203354815, 0.553563105563323, 0.5514768163363133, 0.548665556354799, 0.5566443994749283, 0.5597173122932084, 0.5452566937799894, 0.5509283557750166, 0.5530852796104936, 0.5484579189855989, 0.544678551077411, 0.5440987817187238, 0.5495124419314277, 0.5437699528276058, 0.5467880073178933, 0.5382114773805157, 0.5481269208417423, 0.5352514575680964, 0.5485022062084812, 0.543018250523702]
val_loss -----> [0.6086222344153637, 0.5938821040295267, 0.5900671559948107, 0.5815409727998679, 0.5756201368194438, 0.5751669814994743, 0.5640324031984486, 0.5625726255747647, 0.564739799714303, 0.5598337234140518, 0.5666768907963692, 0.5518566643869554, 0.5561378321669124, 0.5535011578787554, 0.5520604094406512, 0.5613101696645894, 0.5573931524345466, 0.5572125141148094, 0.5568276077240438, 0.55268744922973, 0.5692321580272538, 0.5602139844013765, 0.5540864573674162, 0.5513708897539086, 0.552737441148844, 0.5653048869188841, 0.5524611712039053, 0.5486385349754809, 0.5535447030991046, 0.5512347573095613]
test_loss -----> [0.5528779138584395]
val_auc_roc -----> [0.7455058250240577, 0.755835261358285, 0.755656108597285, 0.7684322597817408, 0.772332671321226, 0.7714010769640262, 0.7797393583259966, 0.783982719436539, 0.7830715996805963, 0.7877142155156529, 0.7811367498617965, 0.7912358469318811, 0.790319608525624, 0.7904219815319097, 0.793334493560738, 0.7881697753936241, 0.7834862103560533, 0.7888556745357383, 0.7894903871747098, 0.7934163919657665, 0.780072070596425, 0.7842744825044533, 0.7879189615282242, 0.7899152351507954, 0.7894903871747098, 0.7798980364857395, 0.796083208779509, 0.7926844249708238, 0.7896132347822525, 0.7894494379721955]
val_auc_pr -----> [0.7245586967237135, 0.7430484282910885, 0.7384349251603076, 0.7518249777481772, 0.7549783599616566, 0.7583070500082905, 0.7635185663245041, 0.7675956339992522, 0.7613558708701582, 0.7649559558420039, 0.7623082673423244, 0.776557447990017, 0.7689023223503118, 0.7688977592848212, 0.7688223427017618, 0.7636079213270324, 0.7695955360486644, 0.7676599573380332, 0.7712947076820088, 0.7710611636186865, 0.7574839673150257, 0.760096041133013, 0.7616213556199211, 0.7667074946267276, 0.7663280679317459, 0.7556693024186778, 0.7733223415559791, 0.7683549834912604, 0.7675951277157154, 0.7697699789946553]
test_auc_roc -----> [0.7897325031707598]
test_auc_pr -----> [0.7701083629819885]
cm -----> [[202  73]
 [ 92 222]]
--------
