--------
epochs_index -----> 39
train_acc -----> [0.6199066042900085, 0.6678692698478699, 0.6823005080223083, 0.6865450143814087, 0.6856960654258728, 0.6980050802230835, 0.6776315569877625, 0.6973684430122375, 0.6910017132759094, 0.6994906663894653, 0.7073429822921753, 0.6975806355476379, 0.7067062854766846, 0.7092529535293579, 0.6982173323631287, 0.6975806355476379, 0.6992784142494202, 0.7060695886611938, 0.7022495865821838, 0.7003395557403564, 0.7058573961257935, 0.7018251419067383, 0.6950339674949646, 0.6992784142494202, 0.7037351727485657, 0.7060695886611938, 0.7111629843711853, 0.7111629843711853, 0.7088285088539124, 0.7094652056694031, 0.7115874290466309, 0.7041596174240112, 0.7115874290466309, 0.7024617791175842, 0.7105262875556946, 0.7022495865821838, 0.7064940333366394, 0.7039473652839661, 0.7084040641784668, 0.7060695886611938]
test_acc -----> [0.6876060962677002]
val_acc -----> [0.6434634923934937, 0.6502546668052673, 0.6536502838134766, 0.6587436199188232, 0.6587436199188232, 0.6740237474441528, 0.6706281900405884, 0.6604413986206055, 0.6740237474441528, 0.6740237474441528, 0.6740237474441528, 0.6723259687423706, 0.6774193644523621, 0.6791171431541443, 0.6774193644523621, 0.6910017132759094, 0.685908317565918, 0.6893039345741272, 0.6910017132759094, 0.6994906663894653, 0.6994906663894653, 0.6893039345741272, 0.6960950493812561, 0.6893039345741272, 0.6943972706794739, 0.6926994919776917, 0.6994906663894653, 0.6893039345741272, 0.6977928876876831, 0.6926994919776917, 0.6960950493812561, 0.6943972706794739, 0.6994906663894653, 0.6910017132759094, 0.6960950493812561, 0.6943972706794739, 0.6943972706794739, 0.6960950493812561, 0.6977928876876831, 0.6893039345741272]
train_f1_score -----> [0.6171058411496566, 0.6673453434187238, 0.6822972848020656, 0.6865331130537047, 0.6856247136935005, 0.6979158220952102, 0.6774258366969996, 0.6973561483315935, 0.6908733804889555, 0.6993996225026893, 0.7073086613546755, 0.697508038092059, 0.7065895096575677, 0.7089580302875689, 0.6980867183134936, 0.6975394319659367, 0.6991346737071853, 0.7060170520917497, 0.7020049651790292, 0.7002574187961791, 0.7058361822119763, 0.701594480081723, 0.6948824429753063, 0.6992312782049821, 0.7036069329364155, 0.7060351675172207, 0.7109041203695494, 0.7110858324408746, 0.708717477904559, 0.7093152980019146, 0.7114548611237603, 0.7039863225028284, 0.7115181918855489, 0.7024034091250606, 0.7103567745651496, 0.7020331169246488, 0.7063796750023035, 0.7038369038990051, 0.7082976518780475, 0.7057910043368765]
test_f1_score -----> [0.6850560232864324]
val_f1_score -----> [0.6434377976630479, 0.6498903458608978, 0.653025152656187, 0.6581760910758456, 0.6574640094641345, 0.6729972884774704, 0.6686943260529836, 0.6578763890694839, 0.6713628071278559, 0.6724365608701289, 0.6719348275668293, 0.6697519247606054, 0.67458184535023, 0.675975160721612, 0.6747861111682827, 0.6891874602144618, 0.6841456825000367, 0.6870486941360194, 0.689345986566058, 0.6978042473647068, 0.6978042473647068, 0.6878643299243077, 0.6942300670784922, 0.6873972195272124, 0.6920887496631002, 0.6902854835324157, 0.6974815469953248, 0.686469736287398, 0.6960185049349544, 0.690468926932392, 0.6940632594472369, 0.6926029825747082, 0.6976464908541321, 0.68902155503729, 0.6938891597287644, 0.6924389005313821, 0.6927597668784553, 0.6945418991224026, 0.6961735471908527, 0.6875603237162042]
train_loss -----> [0.6561615185745708, 0.614431870712287, 0.6009692741978555, 0.5945797522626627, 0.5919209539586704, 0.5873271574492374, 0.5914199154425553, 0.5859094997314528, 0.5876858231369636, 0.577997348709301, 0.5766790699220059, 0.5795565645996301, 0.5710703287849204, 0.5732223575457264, 0.5750443824331296, 0.5761316221567894, 0.5771900966687603, 0.568431886276689, 0.5742766266919563, 0.5697265697456575, 0.5676397903868226, 0.5696520713776196, 0.5746331620449121, 0.5736556442767535, 0.5711525918469966, 0.5692127500810931, 0.5634308332144113, 0.5626708526663948, 0.567360860534354, 0.5643008028003679, 0.5682086975697956, 0.5693668325910747, 0.5696020696584154, 0.5736249245336378, 0.5659925275575527, 0.5694589838512081, 0.5682554505828686, 0.5708707905483567, 0.5659285767070316, 0.5654558255787816]
val_loss -----> [0.648700611011402, 0.6347786252563065, 0.6240409870405456, 0.6168469391964579, 0.6128447941831642, 0.6085007118212211, 0.6098771723541051, 0.6082835680729632, 0.6060862452597232, 0.6018503324405567, 0.6009002005731736, 0.6019711808578387, 0.5983361070220532, 0.6016266861477416, 0.6015831997265687, 0.5976186652441281, 0.5957267493815034, 0.5938270386006383, 0.5899619963523505, 0.5913336784453006, 0.5903639539673519, 0.5889152662979591, 0.5877842951465297, 0.5875083667200968, 0.592455814819078, 0.5903030690309166, 0.5900834029590764, 0.5907842597445924, 0.5873682478795179, 0.5912381096466168, 0.588463265348125, 0.5872992667797451, 0.5893625890886462, 0.5896237617408908, 0.5908655975316022, 0.5882984548807143, 0.5864959653164888, 0.5886355533793166, 0.5861059898460234, 0.5891125761979336]
test_loss -----> [0.5957959680943875]
val_auc_roc -----> [0.6956070563818748, 0.7052231061916292, 0.7176755447941888, 0.7269802836388792, 0.7311541565778854, 0.7368845843422114, 0.735385679695607, 0.7369076444136977, 0.7419001498904647, 0.7437795457165919, 0.7452092701487375, 0.7447019485760406, 0.7482993197278911, 0.7445174680041506, 0.7441023867173988, 0.7476766977977631, 0.7504669664475959, 0.7531534647757407, 0.7568315461777932, 0.7534993658480341, 0.7563242246050962, 0.7582612706099389, 0.7581459702525077, 0.7573619278219763, 0.7504439063761097, 0.7559322033898305, 0.7541796379568777, 0.7542257580998502, 0.7569814366424537, 0.7519889311656865, 0.7558745532111151, 0.7553211114954457, 0.7524731926668972, 0.7521042315231177, 0.7520581113801452, 0.7556439524962528, 0.7582266805027096, 0.7523463622737231, 0.7564510549982705, 0.7536377262769515]
val_auc_pr -----> [0.6548496091454423, 0.6686195632508349, 0.6839098559994777, 0.6900890527817711, 0.6991984765419658, 0.7038585013603152, 0.700377953076035, 0.700672991318865, 0.7062055375594927, 0.7078622633175984, 0.7094436457177626, 0.7157701210392926, 0.7181515727280767, 0.7131037039954276, 0.7112529970426775, 0.718649623319677, 0.7207198448214622, 0.7236890334961519, 0.7242151620672461, 0.7264681545501936, 0.7273932341241208, 0.7281096087014454, 0.7244028547238113, 0.7290488173590295, 0.7203882663852273, 0.7263671437627204, 0.7255589302367397, 0.7244656796681048, 0.7271413893940584, 0.7153646610599282, 0.7236477228535592, 0.7240499850609134, 0.7194382536653074, 0.7207310850672013, 0.7225563843636046, 0.7252842081805297, 0.7319945687921909, 0.7248814927138258, 0.7289414613864348, 0.7296277172944696]
test_auc_roc -----> [0.7547215496368038]
test_auc_pr -----> [0.7094150525428967]
cm -----> [[176  66]
 [118 229]]
--------
