--------
epochs_index -----> 39
train_acc -----> [0.6300933957099915, 0.6672325730323792, 0.6799660325050354, 0.6850594282150269, 0.6818760633468628, 0.7064940333366394, 0.6897283792495728, 0.6846349835395813, 0.6916383504867554, 0.696943998336792, 0.6888794302940369, 0.7009762525558472, 0.7064940333366394, 0.7054329514503479, 0.7084040641784668, 0.696943998336792, 0.6956706047058105, 0.694609522819519, 0.7041596174240112, 0.6937606334686279, 0.6943972706794739, 0.700127363204956, 0.706918478012085, 0.708616316318512, 0.6960950493812561, 0.7054329514503479, 0.7009762525558472, 0.7050085067749023, 0.7054329514503479, 0.7037351727485657, 0.7092529535293579, 0.7079796195030212, 0.7050085067749023, 0.7060695886611938, 0.7064940333366394, 0.703098475933075, 0.7026740312576294, 0.7045840620994568, 0.7113752365112305, 0.6986417770385742]
test_acc -----> [0.706281840801239]
val_acc -----> [0.6536502838134766, 0.6994906663894653, 0.7215619683265686, 0.7130730152130127, 0.7215619683265686, 0.7079796195030212, 0.7147707939147949, 0.7198641896247864, 0.6960950493812561, 0.706281840801239, 0.7249575257301331, 0.7079796195030212, 0.7045840620994568, 0.7130730152130127, 0.6994906663894653, 0.7113752365112305, 0.7011884450912476, 0.6960950493812561, 0.7096773982048035, 0.6994906663894653, 0.6977928876876831, 0.7028862237930298, 0.706281840801239, 0.6943972706794739, 0.7028862237930298, 0.7045840620994568, 0.6994906663894653, 0.7215619683265686, 0.6977928876876831, 0.7011884450912476, 0.7096773982048035, 0.6757215857505798, 0.6825127601623535, 0.7164685726165771, 0.7113752365112305, 0.7045840620994568, 0.7096773982048035, 0.7028862237930298, 0.7045840620994568, 0.7096773982048035]
train_f1_score -----> [0.6299025319853614, 0.6672325326701078, 0.679804001072547, 0.6849817235450237, 0.6816591398960401, 0.7064448557030996, 0.6895885417013783, 0.6846165603982969, 0.6913297218737169, 0.6968692054866072, 0.6887159230579352, 0.7009632828260808, 0.7064196756813279, 0.7052543028056113, 0.7082726784251153, 0.6968880497294536, 0.6955828749279058, 0.6945321139447561, 0.7040262837151752, 0.6935843853889254, 0.6942954455998944, 0.6999608298082758, 0.7068481406210523, 0.7085169270171933, 0.6959581337662886, 0.7053851631361187, 0.7007723333311844, 0.7049778695092525, 0.7052417630045006, 0.7036734261405918, 0.7091166621316243, 0.7078372965867358, 0.7049008269217794, 0.7059990403911438, 0.70633108809257, 0.7029452900326725, 0.7025318826984737, 0.7045452325081777, 0.7112398981379489, 0.6985548691266297]
test_f1_score -----> [0.7062784419822035]
val_f1_score -----> [0.64910989131849, 0.6994594700191152, 0.7214969388127143, 0.7125128110558924, 0.7215418980247696, 0.7079787797101926, 0.7146317779235418, 0.7191355387842329, 0.6955017350842561, 0.7057933513191191, 0.7242891766788454, 0.7076754335782298, 0.7023524578381779, 0.7125958170697474, 0.6990708217143009, 0.7110745563851318, 0.7011875886577887, 0.6957442644498122, 0.7095132980291158, 0.6994594700191152, 0.6968412358268143, 0.7028005751042249, 0.7061598614048896, 0.6933143521162711, 0.7026668347247265, 0.704480963836283, 0.6994906571154815, 0.7212719248047387, 0.6975967367941549, 0.7011186664111461, 0.7096472844237738, 0.6739017588515341, 0.6800187041465107, 0.7162035397306641, 0.7113544066732407, 0.7040508647620094, 0.7090198339535922, 0.7028862428539063, 0.7041328848894878, 0.7096740668721917]
train_loss -----> [0.6509629566418493, 0.6171127200025455, 0.6022714939607217, 0.5916951181831912, 0.5920829740566396, 0.581211282968116, 0.5850039051121485, 0.5909148426837145, 0.5801460481863884, 0.581258110512294, 0.5821020801777745, 0.5753855814300287, 0.5685903838059286, 0.5743799302695358, 0.5670254692966545, 0.5754698316340532, 0.5744215206753821, 0.5806615676964892, 0.5689103802213842, 0.5772125706051322, 0.5767118972054162, 0.5675005090560492, 0.570475789024186, 0.564553466434187, 0.573703276534235, 0.5632392173610843, 0.5737542880664251, 0.568117148174899, 0.5669963469377804, 0.567484208298863, 0.5585723593957561, 0.5709353770383956, 0.565085188844613, 0.5703070676792256, 0.5643921816288315, 0.5696550351654528, 0.5695743864127047, 0.5701270837887032, 0.5655038852643072, 0.5763735364369916]
val_loss -----> [0.6337928059133322, 0.6060480410988266, 0.5930822181540567, 0.5863265999265621, 0.5746021733896152, 0.5775362092095454, 0.5764794635611608, 0.5741998025694411, 0.5813234879358393, 0.5702376430099075, 0.5705094635486603, 0.5721181474021964, 0.5763102886644569, 0.5731423662320988, 0.5755522359867355, 0.5722217169162389, 0.5774371652184306, 0.5772182361499681, 0.5709875145473998, 0.5755210772559449, 0.5719689827513051, 0.5721171123755945, 0.5780544905243692, 0.5752678183284966, 0.5761195308453329, 0.5709825230611336, 0.5764824228512273, 0.5700704233871924, 0.5718359109517691, 0.5778790937887653, 0.5718211648431983, 0.5822135572497908, 0.5778953529692983, 0.5707958997101399, 0.5708465733238168, 0.5706506774232195, 0.5737153919967446, 0.5738247677281098, 0.5732881225444174, 0.5731951143290547]
test_loss -----> [0.5697744033626609]
val_auc_roc -----> [0.7329989622967832, 0.7609016487951114, 0.7712671509281679, 0.7749798224374495, 0.7861524270725241, 0.7789230946615935, 0.7789576847688228, 0.7807679003804912, 0.7725585149313963, 0.7824051654560129, 0.7833621584226912, 0.7795341865559783, 0.7789115646258504, 0.780006918021446, 0.7749452323302203, 0.7779661016949151, 0.7705753487835812, 0.7763749567623659, 0.7800415081286751, 0.7735039778623313, 0.7822322149198662, 0.7794880664130058, 0.7703101579614896, 0.772005073215727, 0.7724662746454514, 0.7776778508013374, 0.7731119566470657, 0.7774933702294478, 0.7768246281563473, 0.7713363311426265, 0.7759022252968986, 0.7698489565317652, 0.7750720627233945, 0.7775510204081633, 0.7763864867981092, 0.7773550098005304, 0.7753026634382566, 0.7742995503286061, 0.7775394903724202, 0.7755678542603482]
val_auc_pr -----> [0.6958689847671432, 0.7237829847785909, 0.7402570525594909, 0.7463244732619593, 0.7539112562577126, 0.7432524114787229, 0.7468403883297086, 0.7526191005176274, 0.7408918257431933, 0.7500927328080129, 0.7581693235605427, 0.7534349645839322, 0.752771815783384, 0.7532252277937677, 0.7475833250744174, 0.7534278177352742, 0.7430449784397105, 0.7522446634848641, 0.7600168531128049, 0.7492443367023434, 0.7569644634597215, 0.756053949600096, 0.7437499966678278, 0.7446802367327341, 0.7461134564072636, 0.7524863332557152, 0.7421638981365999, 0.7479342327061897, 0.7494852648334381, 0.7391727885644078, 0.7463797185227038, 0.7405250316671428, 0.7490048619767262, 0.7519664129158798, 0.7476666766912132, 0.7575356830018156, 0.7494125552865308, 0.7468917705823397, 0.7496628994403511, 0.7452704513227537]
test_auc_roc -----> [0.7782658826242361]
test_auc_pr -----> [0.7607160938518214]
cm -----> [[207  85]
 [ 88 209]]
--------
