--------
epochs_index -----> 29
train_acc -----> [0.6456068754196167, 0.7049366235733032, 0.7151268124580383, 0.7321105003356934, 0.7332427501678467, 0.7375453114509583, 0.733016312122345, 0.7400362491607666, 0.7420742511749268, 0.7336956262588501, 0.7352808117866516, 0.7420742511749268, 0.7420742511749268, 0.7463768124580383, 0.7461503744125366, 0.7536231875419617, 0.7558876872062683, 0.754755437374115, 0.7610960006713867, 0.7576992511749268, 0.751358687877655, 0.754755437374115, 0.7536231875419617, 0.7524909377098083, 0.758152186870575, 0.7493206262588501, 0.7502264380455017, 0.7558876872062683, 0.7520380616188049, 0.7586050629615784]
test_acc -----> [0.7470288872718811]
val_acc -----> [0.6606335043907166, 0.7104072570800781, 0.692307710647583, 0.7024886608123779, 0.7409502267837524, 0.7432126402854919, 0.7319004535675049, 0.7386877536773682, 0.7624434232711792, 0.7567873597145081, 0.7488687634468079, 0.7579185366630554, 0.7511312365531921, 0.7579185366630554, 0.7567873597145081, 0.7522624731063843, 0.7409502267837524, 0.7545248866081238, 0.7533936500549316, 0.7522624731063843, 0.7488687634468079, 0.75, 0.7601810097694397, 0.7590497732162476, 0.7341628670692444, 0.7579185366630554, 0.75, 0.75, 0.7601810097694397, 0.7647058963775635]
train_f1_score -----> [0.6455894139206355, 0.7048468523694043, 0.7150902816832473, 0.732110488505882, 0.7332335012157057, 0.7375074745159236, 0.7329932832435295, 0.7400208156165379, 0.7420742571327137, 0.7336615030598138, 0.7352677462566226, 0.7420694955965823, 0.7420498127153867, 0.7463749337687511, 0.7461408674037453, 0.7535863370791949, 0.7558852226225009, 0.7547475695503774, 0.7610939390823194, 0.7576849062015736, 0.7513421653621412, 0.7547526001548506, 0.753623183402384, 0.7524899089624633, 0.7581472080955729, 0.7493112757768541, 0.7502124953565323, 0.7558695989665029, 0.7520241907301626, 0.7585871915011522]
test_f1_score -----> [0.7453375726685578]
val_f1_score -----> [0.6502943175721624, 0.7099261639832324, 0.6863334379972412, 0.6977227615511612, 0.7408941862354199, 0.7430676697425755, 0.7318012615518508, 0.737596804079537, 0.7620488054914831, 0.7566749192901705, 0.7488057702703872, 0.7576394212437549, 0.7509769826373911, 0.756301909809401, 0.7565602266690468, 0.7521910882718085, 0.7382975510606953, 0.753942686633053, 0.7525373881628095, 0.7518276757504605, 0.7488636313467959, 0.7474399945181172, 0.7601613480556759, 0.7575727874226745, 0.730786421625097, 0.757675433584369, 0.7474399945181172, 0.7499740791300861, 0.76016994200256, 0.7640100982893361]
train_loss -----> [0.6250886458741577, 0.5718412156878175, 0.5539205050014935, 0.5358860814754944, 0.5349263331542413, 0.5285566166799129, 0.5327711532675271, 0.5291789188117223, 0.5194136956031772, 0.5293799650625902, 0.5207057231092367, 0.5167619764696859, 0.5238341324679222, 0.5098755345072441, 0.5170738925428502, 0.5090577478480084, 0.5058546890167227, 0.5090356972608445, 0.5000774472735932, 0.5033602677555619, 0.5062962976162846, 0.5032585357194361, 0.5050460848471395, 0.49978703584359996, 0.5056680664150175, 0.5069312585814708, 0.5106722512754851, 0.4983883017431136, 0.5003010414108849, 0.49421729271610565]
val_loss -----> [0.5932400661545831, 0.5607477673539172, 0.5602615725349738, 0.5533839429284003, 0.5255561346137849, 0.5259753824085803, 0.518082828000859, 0.516270042271227, 0.5082580154543522, 0.5105356233077006, 0.5121513570214178, 0.5075882937725599, 0.5042482579613589, 0.523726168382275, 0.5080878753382881, 0.49731131341006307, 0.5104983506707457, 0.49363074955102565, 0.49792182029367554, 0.4991042321329716, 0.49674007430806905, 0.5121471182451591, 0.4918101650100571, 0.4995370448172628, 0.5180512578100772, 0.4941311250398825, 0.5033731777388768, 0.4943492411224692, 0.49580507638218163, 0.49736260428084966]
test_loss -----> [0.5290572252627966]
val_auc_roc -----> [0.7752349460494257, 0.7903963882803382, 0.8043907782395937, 0.809294445240679, 0.8162814029196781, 0.8164810302819352, 0.8217276468540775, 0.8261040928727913, 0.8307569460084764, 0.8283870109129625, 0.8261808726275057, 0.8318574558260479, 0.8312585737392764, 0.827066399131877, 0.8305521999959051, 0.840318584795561, 0.837769496939047, 0.8419411969451895, 0.841286009704961, 0.8368020720296472, 0.8366894617227331, 0.8373395303126472, 0.8415982473741325, 0.8415265862697324, 0.8353842058925903, 0.8397094654081612, 0.8426373333879322, 0.8377797342396757, 0.8382660060195328, 0.8424735365778752]
val_auc_pr -----> [0.7791507239462654, 0.7992717576524435, 0.8074954456209864, 0.8113036520486897, 0.8207017895135824, 0.8231832002662187, 0.8274041022750047, 0.8296583092975794, 0.8345584631823286, 0.8258946134524721, 0.8287895986266621, 0.8328307846050842, 0.8334300173531859, 0.8279957779192326, 0.8297748785887844, 0.8362456704026934, 0.8378208185184648, 0.8384843330668101, 0.8379787195827085, 0.8341593113890678, 0.8366311569162452, 0.8315025246659907, 0.8385489457297659, 0.8372690375921529, 0.8299862930241146, 0.8368700600084449, 0.8398643186899625, 0.8372652215758931, 0.8357585992666331, 0.8396413248315461]
test_auc_roc -----> [0.8225469848956533]
test_auc_pr -----> [0.8227342994586391]
cm -----> [[244  99]
 [ 50 196]]
--------
