--------
epochs_index -----> 39
train_acc -----> [0.61332768201828, 0.6697793006896973, 0.6772071123123169, 0.6935483813285828, 0.694609522819519, 0.6873939037322998, 0.6873939037322998, 0.6988539695739746, 0.6935483813285828, 0.7079796195030212, 0.7054329514503479, 0.7018251419067383, 0.6920627951622009, 0.6941850781440735, 0.6929117441177368, 0.6916383504867554, 0.6992784142494202, 0.7024617791175842, 0.6975806355476379, 0.6990662217140198, 0.7035229206085205, 0.6933361887931824, 0.6960950493812561, 0.7018251419067383, 0.6956706047058105, 0.6882427930831909, 0.7098896503448486, 0.6943972706794739, 0.6895161271095276, 0.7016128897666931, 0.6967317461967468, 0.6912139058113098, 0.6935483813285828, 0.6992784142494202, 0.7022495865821838, 0.6999151110649109, 0.6954584121704102, 0.6920627951622009, 0.6975806355476379, 0.7096773982048035]
test_acc -----> [0.6943972706794739]
val_acc -----> [0.6876060962677002, 0.6994906663894653, 0.6893039345741272, 0.685908317565918, 0.6910017132759094, 0.7011884450912476, 0.7113752365112305, 0.7113752365112305, 0.7079796195030212, 0.7113752365112305, 0.7045840620994568, 0.706281840801239, 0.7011884450912476, 0.7096773982048035, 0.7113752365112305, 0.7096773982048035, 0.7096773982048035, 0.7181664109230042, 0.7113752365112305, 0.7096773982048035, 0.7028862237930298, 0.7181664109230042, 0.7113752365112305, 0.7113752365112305, 0.7215619683265686, 0.7079796195030212, 0.7113752365112305, 0.7198641896247864, 0.7164685726165771, 0.7181664109230042, 0.7232597470283508, 0.7147707939147949, 0.7215619683265686, 0.7079796195030212, 0.7113752365112305, 0.7215619683265686, 0.7130730152130127, 0.7113752365112305, 0.6994906663894653, 0.7096773982048035]
train_f1_score -----> [0.6125581230396995, 0.6697326341269949, 0.6771418501407587, 0.6933495000421863, 0.6943119920030142, 0.687072526500339, 0.6873343857797728, 0.6987605179834142, 0.693329100045073, 0.7077837309376096, 0.7054175946968941, 0.7016880648336812, 0.691915604600698, 0.6940658799482664, 0.6927350004697024, 0.6914348920269678, 0.6991938797839402, 0.7024102728920334, 0.6972445307074493, 0.6988837186803984, 0.703455587177285, 0.693159692929314, 0.6960240983311625, 0.7017495621419605, 0.695595546707152, 0.688075865903284, 0.7098607721294128, 0.6943218879276964, 0.6894002801035171, 0.7014674703132301, 0.6966330258998105, 0.6911134029491198, 0.6934462662960124, 0.6991509414346807, 0.7021857099280033, 0.6998525964561995, 0.6953071020595414, 0.6920042047904804, 0.6975299490868112, 0.7096364026639228]
test_f1_score -----> [0.6943893502021845]
val_f1_score -----> [0.6864991156101663, 0.6983638286309088, 0.6882651461809189, 0.6852950895012743, 0.6908011579587489, 0.7009945262118578, 0.7109344276500589, 0.7103524433886711, 0.7066936834764355, 0.7086466115670241, 0.7031456328190239, 0.7056165572164628, 0.7002475140195776, 0.7084639448413417, 0.7099698710298894, 0.7073967825089243, 0.7078957621810518, 0.7179834733003727, 0.7108542930427857, 0.7090198339535922, 0.7015096048998767, 0.7171676798968153, 0.710231740146676, 0.7106738276287518, 0.7208853394175849, 0.7075336562697733, 0.7110745563851318, 0.7193982828189851, 0.7163508486967807, 0.7178076606487377, 0.7225399564368116, 0.7147633931864571, 0.7213812627180756, 0.7079787797101926, 0.7112345372451905, 0.7210594354639501, 0.7125958170697474, 0.7113544066732407, 0.6994906571154815, 0.7096740668720762]
train_loss -----> [0.6626878737998537, 0.6216216554362426, 0.6085579348743876, 0.5957615775244346, 0.5907131010486236, 0.5929384076230997, 0.5900226909357348, 0.5807465941017473, 0.5803847358971576, 0.5761223227443436, 0.5735568235705782, 0.5703962135345293, 0.5807776784552782, 0.5785659541500845, 0.5836171904778032, 0.5834832364513027, 0.5822964987649575, 0.569972123020979, 0.5749401578676517, 0.5738365112318448, 0.5696079091679661, 0.5827536051918982, 0.5830152772986836, 0.5817046575817472, 0.5778541683088134, 0.5827510918036789, 0.5646993913047382, 0.5785421587665943, 0.5837711188151595, 0.5695149580266565, 0.575862294825107, 0.5824333092605729, 0.584724659552396, 0.5798840094199608, 0.5778136586545882, 0.5772671722546097, 0.5781319522392157, 0.5821323356826758, 0.578287536098111, 0.5738646871772408]
val_loss -----> [0.6397366878148671, 0.615610472253851, 0.6044236816264489, 0.5955906804348974, 0.5901568237994165, 0.5882387580098332, 0.5838197667051005, 0.5789840857724885, 0.5800351170269217, 0.5786203137926156, 0.5778007003906611, 0.5750103850622436, 0.5773322256030262, 0.5752801568926991, 0.5733238563344288, 0.571355137470606, 0.5719121666373436, 0.5723556388874314, 0.5687557704545356, 0.5701158191706681, 0.572244709810695, 0.5707698399956163, 0.5716572919407407, 0.5704780982152834, 0.5666415707485095, 0.5657012780775894, 0.5657619749372068, 0.5643986189687574, 0.5628407295491246, 0.5619218345429442, 0.5625049604757412, 0.5625487408927968, 0.5640051928726404, 0.5658989850733731, 0.5631725933100724, 0.5603682157155633, 0.5609418024887911, 0.5607281214482076, 0.5644284659946287, 0.560053601458266]
test_loss -----> [0.5792169397747194]
val_auc_roc -----> [0.7523002421307505, 0.7616626311541566, 0.7644874899112187, 0.7683500518851607, 0.7711633806064799, 0.771174910642223, 0.773354087397671, 0.7784849533033552, 0.7743572005073216, 0.7773665398362735, 0.7745532111149545, 0.7763173065836504, 0.7738383488988816, 0.7746800415081286, 0.7778046811945117, 0.7812982820246743, 0.7814135823821053, 0.7784503631961259, 0.780860140666436, 0.7789576847688229, 0.7775394903724201, 0.7781967024097775, 0.776478727084054, 0.7781275221953188, 0.7818574887582151, 0.78324685806526, 0.7818171336331142, 0.7836965294592413, 0.7863253776086706, 0.7854260348207079, 0.7859218263576617, 0.7851377839271302, 0.7852184941773319, 0.7816557131327108, 0.7831200276720859, 0.7875475613974404, 0.7854952150351666, 0.7851723740343595, 0.7832929782082325, 0.7867173988239363]
val_auc_pr -----> [0.725766347548231, 0.7378406904397663, 0.7467602881356403, 0.7541263643648988, 0.7565113984585282, 0.7566863486151715, 0.7605413347047163, 0.7646754959779236, 0.7616169433778949, 0.7615214440459905, 0.7551258114249876, 0.7576983388194174, 0.7577374986282324, 0.762410136306543, 0.7635892746999974, 0.7684151904937747, 0.769587246062975, 0.7630879017547676, 0.7664413876821565, 0.761359626195329, 0.7634314611709985, 0.7608926377299408, 0.759820269002664, 0.763322130453689, 0.7673931259124527, 0.7694970447386303, 0.7676983809549723, 0.7710283184986206, 0.7748743249992021, 0.7719601357820127, 0.7741890264656317, 0.7725260568043253, 0.7694437802898707, 0.7699270625203547, 0.773654207562369, 0.7780404237311859, 0.7765241501325875, 0.775887932673223, 0.7721121014895136, 0.7757535404908412]
test_auc_roc -----> [0.7657615588608324]
test_auc_pr -----> [0.7457807028926434]
cm -----> [[206  92]
 [ 88 203]]
--------
