--------
epochs_index -----> 29
train_acc -----> [0.6290760636329651, 0.6863677501678467, 0.6965579986572266, 0.7035778760910034, 0.7128623127937317, 0.7182971239089966, 0.7219203114509583, 0.7230525612831116, 0.7169383764266968, 0.726902186870575, 0.7149003744125366, 0.729619562625885, 0.7316576242446899, 0.7389039993286133, 0.7284873127937317, 0.7327898740768433, 0.7275815010070801, 0.7225996255874634, 0.7298460006713867, 0.7271286249160767, 0.7400362491607666, 0.7382246255874634, 0.7370923757553101, 0.7325633764266968, 0.7312046885490417, 0.7341485619544983, 0.739130437374115, 0.7307518124580383, 0.734375, 0.7312046885490417]
test_acc -----> [0.7334465384483337]
val_acc -----> [0.6843891143798828, 0.7036198973655701, 0.7058823704719543, 0.7251130938529968, 0.7115384340286255, 0.7171945571899414, 0.7296379804611206, 0.720588207244873, 0.7251130938529968, 0.7273755669593811, 0.7217194437980652, 0.726244330406189, 0.726244330406189, 0.7239819169044495, 0.7228506803512573, 0.7285068035125732, 0.7273755669593811, 0.7364253401756287, 0.7171945571899414, 0.733031690120697, 0.7432126402854919, 0.733031690120697, 0.7409502267837524, 0.7432126402854919, 0.7319004535675049, 0.7375565767288208, 0.7341628670692444, 0.7239819169044495, 0.7420814633369446, 0.7341628670692444]
train_f1_score -----> [0.6288457884845284, 0.6862723644987503, 0.696549003021411, 0.7035753246728742, 0.7128601935352039, 0.7182970386639296, 0.7219197715007329, 0.7230521761865367, 0.7169300397958237, 0.7268671537756206, 0.7148912197088544, 0.7296150679078706, 0.7316545075659777, 0.7389017177747306, 0.7284811736673553, 0.7327720906536135, 0.7275803852079946, 0.7225996184529991, 0.72984588480969, 0.727111476117037, 0.7400353737097067, 0.738223773561383, 0.737069721590937, 0.7325561459152254, 0.7312040297421888, 0.7341419473456842, 0.7391270051706598, 0.730743177032136, 0.7343743275632049, 0.7312030373123828]
test_f1_score -----> [0.7334188513687842]
val_f1_score -----> [0.6840005331107253, 0.7026686951578702, 0.7043326079570221, 0.7249269087702183, 0.7115351342832337, 0.717181536280618, 0.7292135227799258, 0.7201983119364338, 0.7250339478107672, 0.7268971231331776, 0.7212042841577373, 0.724891071792305, 0.7240962997648528, 0.7235729797404993, 0.7214358518147347, 0.7282341317322737, 0.7267878504654894, 0.7353249149806731, 0.7158857116436113, 0.7329646930365343, 0.7419840898468135, 0.7312488356297913, 0.7406711324891899, 0.7430939848330818, 0.7311404421216374, 0.736843991198864, 0.7339146668259784, 0.7232324737613416, 0.7419216003703699, 0.7338355736928148]
train_loss -----> [0.6426211223006252, 0.5984603189255884, 0.582211901690217, 0.5758497295496254, 0.5694606635125647, 0.5620958839907589, 0.5563971127072961, 0.5542629959358686, 0.5567540087993594, 0.543545976362151, 0.5485929881047075, 0.5446695115255274, 0.5418482775651462, 0.5346916758225883, 0.5448771777522303, 0.5333498503095004, 0.5424522059983103, 0.5455177625560241, 0.5432413147249517, 0.5382112838543841, 0.5281033888459205, 0.5303554050624371, 0.5339072932205766, 0.5272925582484919, 0.5347376128091754, 0.5355809694021083, 0.5286177059878475, 0.5350382342610671, 0.5335634026298494, 0.5319076998672189]
val_loss -----> [0.6119915711450146, 0.5894409036851146, 0.579073228546091, 0.5598671651101327, 0.5581753627137018, 0.555052699537965, 0.5481671825185552, 0.5500181239467483, 0.5412582983304784, 0.5409103682986249, 0.5398764229035592, 0.5438063850810934, 0.5411768840239928, 0.5403010348478952, 0.5375060213578716, 0.5355391043263514, 0.5329521456817249, 0.5369894308549863, 0.5323728465282164, 0.5322507955469529, 0.5301052192309953, 0.5267947251732287, 0.5243071325727412, 0.5210003823310405, 0.5319393220785498, 0.5247328281402588, 0.5269288423362078, 0.5282344788581405, 0.5247931652240925, 0.525228228923437]
test_loss -----> [0.5432760787976758]
val_auc_roc -----> [0.7487817612252001, 0.772711451444483, 0.7817509878995106, 0.7991390430171372, 0.7968356503757089, 0.7980487705001946, 0.8072879343174792, 0.8026657930836797, 0.8075285108822505, 0.8116080751827359, 0.8110143117462786, 0.8081222743187075, 0.8129338056141355, 0.8082297659753076, 0.8144591634077926, 0.8120636350607072, 0.8159794025511352, 0.8119407874531643, 0.8161687926127639, 0.8144796380090498, 0.8209752052578776, 0.8224647324993346, 0.8212055445220205, 0.8235498863659629, 0.8153395712618497, 0.8204735775270776, 0.8170543191171352, 0.8168700477058211, 0.8183186257447637, 0.817120861571221]
val_auc_pr -----> [0.7298113291788776, 0.762341923530741, 0.766665529028683, 0.7913313374654305, 0.7924649099029933, 0.7932941330773146, 0.7996253948049292, 0.795317903088747, 0.8057307159540743, 0.8016837853393608, 0.8022817484574368, 0.7942983359725797, 0.8037702536294193, 0.8022896994170381, 0.8090606817066893, 0.8072872058861444, 0.8122987664909089, 0.7996315848188869, 0.8135261034061194, 0.8143323908807791, 0.8089815697503756, 0.8158150882862425, 0.8128643018739006, 0.8107365304149894, 0.8107133514426448, 0.8140954197603611, 0.81405451635824, 0.8074841409052977, 0.8067341311461163, 0.8121909533542888]
test_auc_roc -----> [0.8046984895653176]
test_auc_pr -----> [0.7875977515053851]
cm -----> [[213  76]
 [ 81 219]]
--------
