--------
epochs_index -----> 39
train_acc -----> [0.6831493973731995, 0.7283531427383423, 0.7349320650100708, 0.7461799383163452, 0.7531833648681641, 0.75785231590271, 0.7506366968154907, 0.7542445063591003, 0.7557300329208374, 0.7570033669471741, 0.7654923796653748, 0.7691001892089844, 0.7572156190872192, 0.7625212073326111, 0.7746179699897766, 0.770373523235321, 0.7640067934989929, 0.7601867318153381, 0.7657045722007751, 0.7637945413589478, 0.7695246338844299, 0.7750424742698669, 0.770373523235321, 0.7769524455070496, 0.7801358103752136, 0.7718591094017029, 0.7712224125862122, 0.7879881262779236, 0.7775891423225403, 0.7739813327789307, 0.7758913636207581, 0.7848047614097595, 0.7724957466125488, 0.772707998752594, 0.7794991731643677, 0.7744057774543762, 0.7769524455070496, 0.774193525314331, 0.7799236178398132, 0.7688879370689392]
test_acc -----> [0.7640067934989929]
val_acc -----> [0.7096773982048035, 0.7130730152130127, 0.7198641896247864, 0.7249575257301331, 0.7283531427383423, 0.7368420958518982, 0.7453310489654541, 0.7470288872718811, 0.735144317150116, 0.7487266659736633, 0.7504244446754456, 0.7470288872718811, 0.7283531427383423, 0.7470288872718811, 0.7538200616836548, 0.7470288872718811, 0.7589133977890015, 0.755517840385437, 0.7470288872718811, 0.7453310489654541, 0.7521222233772278, 0.7402377128601074, 0.7385398745536804, 0.7453310489654541, 0.7453310489654541, 0.7589133977890015, 0.7623090147972107, 0.7487266659736633, 0.755517840385437, 0.7521222233772278, 0.7504244446754456, 0.7674023509025574, 0.755517840385437, 0.7538200616836548, 0.7572156190872192, 0.7691001892089844, 0.7623090147972107, 0.7657045722007751, 0.7640067934989929, 0.7623090147972107]
train_f1_score -----> [0.6829403262190645, 0.7282583571670509, 0.734887653002686, 0.7461239327647058, 0.7531273061678274, 0.757784202860051, 0.7505892069248143, 0.7541932853008904, 0.755630715287569, 0.7569571419394159, 0.765416019593032, 0.7690627204546591, 0.7571557210474955, 0.7624814115769117, 0.7745789644152572, 0.770319883130755, 0.7639485678712576, 0.760078693886386, 0.7656781949468277, 0.7636902483353248, 0.7694677559155642, 0.7750150398797171, 0.770322821639677, 0.7769283340923723, 0.7800977467082095, 0.7717848153053671, 0.7711659676215046, 0.7879632710601381, 0.7775577108118851, 0.7738466128861161, 0.775844653512447, 0.7847859830927806, 0.7724563558410449, 0.7726592257105047, 0.7794490717867473, 0.7743628309793267, 0.7768832294288777, 0.7741701090119639, 0.779864810154478, 0.7688017109787015]
test_f1_score -----> [0.7639632420765939]
val_f1_score -----> [0.7096472844241197, 0.7126721402796954, 0.7196022996746929, 0.7247282370350345, 0.728333558925789, 0.736839065991981, 0.7452422095090037, 0.7469559174833761, 0.7351252198268082, 0.7485635780588329, 0.7502833607567504, 0.7469821807175903, 0.7273905346590317, 0.7469821807175903, 0.7536808659841207, 0.7469821807180517, 0.7588793510484584, 0.7555114791548294, 0.7470259406619453, 0.74520694403621, 0.7521215215512511, 0.7401627878870719, 0.7380680061658909, 0.7453303304987318, 0.7450657844541506, 0.7588960329803758, 0.7623028268162536, 0.7487201314934052, 0.7554607261481419, 0.7521158053242902, 0.7502401403640013, 0.767378232718799, 0.7555002025295778, 0.7538171904419215, 0.7571147978608815, 0.7689876287891731, 0.7622534836153311, 0.7655525251473478, 0.7639087893883472, 0.7623083081298858]
train_loss -----> [0.6012815479410526, 0.5450453992509277, 0.531933344356677, 0.5226558182002736, 0.5111006691115823, 0.5098073108086969, 0.5111789517167866, 0.5050824357920873, 0.49953339384245815, 0.4974234771546361, 0.4976631860629815, 0.4902984201402127, 0.4922382696602866, 0.4924153332900514, 0.48498153142593126, 0.4853113095429432, 0.4841121127908016, 0.494702153072292, 0.4843679946327049, 0.4894914884366894, 0.4772629448432469, 0.47876905856087965, 0.47815342411930156, 0.48171955459642085, 0.4766496536029416, 0.4802485128361828, 0.4833724780074609, 0.4726217516108163, 0.47368391074480554, 0.47436289087013783, 0.47567339924579966, 0.4687828484460942, 0.47840106697256574, 0.47489168874426096, 0.4748518031046222, 0.4786236979737753, 0.4769137118561968, 0.47707231886722873, 0.47041340410102184, 0.4769907212596395]
val_loss -----> [0.5737190621124734, 0.5546175877790193, 0.5397904263557618, 0.5331958671276632, 0.5278857233556541, 0.5222252925505511, 0.5192762881114674, 0.5136488194803933, 0.5134386490728403, 0.5111993257258389, 0.5103971811162457, 0.5089868246703535, 0.5195992896081628, 0.5071506649255753, 0.5032024681568146, 0.5034802400985281, 0.5011413053080843, 0.5005098667901916, 0.500098996569176, 0.5019516833126544, 0.5010145626760817, 0.500515232114373, 0.5028091561351274, 0.5000868202061267, 0.5009274491788567, 0.4985932238601348, 0.4972454764553019, 0.49707893946686305, 0.4934202573589376, 0.4947012167524647, 0.49923670593951214, 0.4915899214510983, 0.4926718738232112, 0.493658168795141, 0.49215851794626264, 0.48877793550491333, 0.4881048097803786, 0.4886023657950196, 0.48981788291319, 0.4915532623795238]
test_loss -----> [0.46103638330021435]
val_auc_roc -----> [0.7735385679695607, 0.7939928513778394, 0.8062953995157385, 0.8119681771013489, 0.8150582266805028, 0.8180329759022253, 0.8214804565894153, 0.8264499019946961, 0.8276720857834658, 0.8274645451400899, 0.8284330681425112, 0.8292978208232445, 0.8270725239248241, 0.8311541565778853, 0.8341173757638649, 0.8340712556208925, 0.8350167185518275, 0.8358699411968177, 0.8358238210538451, 0.8360428917329643, 0.8355932203389832, 0.8362389023405972, 0.8371958953072753, 0.836723163841808, 0.8373111956647066, 0.8376340366655137, 0.8385103193819902, 0.8384757292747608, 0.841415888389254, 0.8409085668165571, 0.8387409200968524, 0.8424881817133633, 0.8419001498904647, 0.8407125562089244, 0.8420615703908683, 0.8445981782543527, 0.8449094892194167, 0.8442407471463163, 0.842764902571198, 0.8424190014989046]
val_auc_pr -----> [0.7459105074613641, 0.7677455357866549, 0.7863139164870472, 0.7918682157808347, 0.7949021035913542, 0.7983588512729691, 0.8020542330293526, 0.8078559240925207, 0.808461267348228, 0.8091672820030713, 0.8092939908232923, 0.8112700025167763, 0.8097248448018928, 0.8104100920109831, 0.8129283502960475, 0.8145292489319431, 0.8135678818074306, 0.8140876234413417, 0.8144458680247197, 0.8139967087035436, 0.8151292511839913, 0.818233380503669, 0.8187346163035536, 0.8140006942363261, 0.8183349665361466, 0.815681835793485, 0.8178142038704077, 0.8174606806829408, 0.8213496283945245, 0.8189694391697994, 0.8168943033155639, 0.8210168151505757, 0.8198480129643024, 0.8187231205930054, 0.8205512281267497, 0.8250059360948088, 0.8260640822063634, 0.8242346068306406, 0.8195192561830413, 0.8191027783846374]
test_auc_roc -----> [0.8625273838348899]
test_auc_pr -----> [0.8649498313788975]
cm -----> [[229  73]
 [ 66 221]]
--------
