--------
epochs_index -----> 29
train_acc -----> [0.7133151888847351, 0.8104619383811951, 0.8838315010070801, 0.9356883764266968, 0.9526721239089966, 0.967391312122345, 0.9759963750839233, 0.97214674949646, 0.9859601259231567, 0.9787137508392334, 0.9823369383811951, 0.9832427501678467, 0.9832427501678467, 0.9839221239089966, 0.9911684989929199, 0.9812046885490417, 0.9868659377098083, 0.9886775612831116, 0.9911684989929199, 0.9909420013427734, 0.9875453114509583, 0.9920742511749268, 0.9832427501678467, 0.9818840622901917, 0.9932065010070801, 0.992527186870575, 0.9898098111152649, 0.9959239363670349, 0.9889039993286133, 0.992527186870575]
test_acc -----> [0.804753839969635]
val_acc -----> [0.7748869061470032, 0.7952488660812378, 0.8009049892425537, 0.7873303294181824, 0.8020362257957458, 0.7929864525794983, 0.7997737526893616, 0.7986425161361694, 0.8280543088912964, 0.8065611124038696, 0.8212669491767883, 0.8042986392974854, 0.8054298758506775, 0.7963801026344299, 0.7545248866081238, 0.8088235259056091, 0.7918552160263062, 0.8088235259056091, 0.7997737526893616, 0.790723979473114, 0.7703620195388794, 0.8031674027442932, 0.8088235259056091, 0.8167420625686646, 0.8212669491767883, 0.8212669491767883, 0.8122171759605408, 0.8223981857299805, 0.773755669593811, 0.8031674027442932]
train_f1_score -----> [0.7132431594454911, 0.8104233674735168, 0.8838233609816586, 0.9356858151732707, 0.9526720357713883, 0.96739127258902, 0.9759963718071741, 0.9721466641394136, 0.9859601370432571, 0.978713745646819, 0.9823369370253137, 0.9832427348699373, 0.9832427348699373, 0.983922075833225, 0.9911684691805148, 0.9812046810452386, 0.9868659370245162, 0.9886775289049761, 0.9911684728035068, 0.9909420072594952, 0.9875452842119318, 0.9920742699514007, 0.9832427348699373, 0.9818840492506785, 0.9932065153411735, 0.9925271654597372, 0.9898097645405288, 0.9959239072028925, 0.9889039799337744, 0.9925271654597372]
test_f1_score -----> [0.8047335522041614]
val_f1_score -----> [0.7747828318996222, 0.7951332510682595, 0.8007815851060056, 0.7873303117242686, 0.8019020933888038, 0.7925401508070432, 0.7962037912778707, 0.7955915314748858, 0.8276652782070019, 0.8065192382314718, 0.8206463625202322, 0.8039913770290851, 0.8054139229466397, 0.7938464837507251, 0.747928726397521, 0.8088037063883933, 0.7916461664906329, 0.8076516472056126, 0.7964477039529858, 0.7874930919007225, 0.7676789204090713, 0.8028758119827085, 0.8088174081635746, 0.8167411383915073, 0.8211928279489817, 0.8212523241584769, 0.8120786754483776, 0.8216035169679925, 0.7660930075887227, 0.8030222263142729]
train_loss -----> [0.5675726200494434, 0.4185834706396512, 0.27426328438425274, 0.15658612994567206, 0.12586863224472888, 0.09542412148279694, 0.07043903207199673, 0.07622413008367411, 0.043688913395621476, 0.06626212454876128, 0.053591202546824354, 0.05063726678737763, 0.058970160507489607, 0.06044597617480048, 0.03527180965709766, 0.06072819137602757, 0.035771840224507565, 0.04408906304860951, 0.028144099296136756, 0.03581627100403786, 0.04996550365888393, 0.027015086573703894, 0.06298077869570522, 0.07202184760939788, 0.029124469417407303, 0.028344315545082006, 0.038797292909237155, 0.012543923726624683, 0.050289935033581194, 0.022708002219702133]
val_loss -----> [0.48682718475659686, 0.4642140975406577, 0.47565408488148225, 0.648841711298168, 0.6553239898141555, 0.7507849830026561, 1.1212560951307013, 1.0238460399612137, 0.9421945367433735, 1.0643755407642226, 1.1562054040600531, 1.3122661814274768, 1.1499781081592453, 1.303128744104797, 1.5047890360263674, 1.1264203742879595, 1.0877282893891351, 1.2686816068286986, 1.6063111098992853, 1.5121181380494786, 1.4472967567785453, 1.4549039555181857, 1.8950488981924525, 1.2800106715834652, 1.4375087324617593, 1.405212154750798, 1.5314749779098342, 1.8333510149289205, 2.0885627586198616, 1.7105622948507553]
test_loss -----> [1.7559367254483036]
val_auc_roc -----> [0.8488104256669601, 0.8730779468069859, 0.890783358244098, 0.8669969902336152, 0.8884850842529841, 0.8767147478552856, 0.8894090006347126, 0.882219856268299, 0.8981107061689974, 0.8994108433488258, 0.8872822014291273, 0.8776284269363854, 0.8854471652914561, 0.8769757990213141, 0.8648164451997297, 0.8901563235805984, 0.8971458405847547, 0.8943894473905121, 0.8899285436416127, 0.8856339960279274, 0.8894448311869126, 0.8847612661493417, 0.876760815708114, 0.8952724145697264, 0.8942768370835978, 0.9014557441493828, 0.8960350934665547, 0.8896188652975984, 0.8758164247251286, 0.8889918306340985]
val_auc_pr -----> [0.8440238528588696, 0.872650975996262, 0.8886988529535328, 0.8607581361107238, 0.8868588461022959, 0.8747519035458688, 0.8854790746937272, 0.8721679081563065, 0.8865705702453259, 0.8967147749098906, 0.8780065933476308, 0.8688954711533644, 0.8712575492314819, 0.8538737624849678, 0.8502029891103026, 0.8900776445063742, 0.8926010489238245, 0.8874032619814856, 0.8754045897501679, 0.8791865345163926, 0.8855956613132068, 0.873941508541157, 0.8618614029339199, 0.8906300204706996, 0.8878910479434282, 0.8933552728333961, 0.8903477610524441, 0.8700543018439862, 0.8456357616581975, 0.8724886210346462]
test_auc_roc -----> [0.8847572927476075]
test_auc_pr -----> [0.8623818736141619]
cm -----> [[240  61]
 [ 54 234]]
--------
