--------
epochs_index -----> 39
train_acc -----> [0.604626476764679, 0.6553480625152588, 0.668081521987915, 0.6878183484077454, 0.6757215857505798, 0.6799660325050354, 0.679753839969635, 0.6839982867240906, 0.680390477180481, 0.683573842048645, 0.6893039345741272, 0.6882427930831909, 0.6776315569877625, 0.6958828568458557, 0.6888794302940369, 0.700127363204956, 0.6965195536613464, 0.6931239366531372, 0.6958828568458557, 0.6861205697059631, 0.6943972706794739, 0.6971561908721924, 0.7047962546348572, 0.6905772686004639, 0.6873939037322998, 0.6992784142494202, 0.700127363204956, 0.6956706047058105, 0.6973684430122375, 0.6990662217140198, 0.6888794302940369, 0.7067062854766846, 0.6939728260040283, 0.6967317461967468, 0.7035229206085205, 0.6897283792495728, 0.6971561908721924, 0.7056451439857483, 0.6992784142494202, 0.6926994919776917]
test_acc -----> [0.7130730152130127]
val_acc -----> [0.6994906663894653, 0.6706281900405884, 0.6910017132759094, 0.685908317565918, 0.6757215857505798, 0.6994906663894653, 0.6774193644523621, 0.7011884450912476, 0.6926994919776917, 0.6926994919776917, 0.6774193644523621, 0.6977928876876831, 0.6943972706794739, 0.7079796195030212, 0.7011884450912476, 0.7096773982048035, 0.6943972706794739, 0.7130730152130127, 0.7011884450912476, 0.6876060962677002, 0.6994906663894653, 0.7113752365112305, 0.7079796195030212, 0.7011884450912476, 0.7028862237930298, 0.7113752365112305, 0.6943972706794739, 0.6926994919776917, 0.7045840620994568, 0.706281840801239, 0.6994906663894653, 0.6994906663894653, 0.6842105388641357, 0.706281840801239, 0.706281840801239, 0.7215619683265686, 0.6926994919776917, 0.6893039345741272, 0.7164685726165771, 0.7045840620994568]
train_f1_score -----> [0.6035721759663585, 0.6553477941703763, 0.6680814292576733, 0.6877349449455157, 0.675544737687431, 0.6798386260447873, 0.6795885941454509, 0.6836197029129829, 0.680283987085841, 0.6834978842985691, 0.6891154896884055, 0.6881412982833635, 0.6774258366969996, 0.6957539161298034, 0.6886200589307214, 0.699880980647163, 0.6963881907372098, 0.6929566035902492, 0.6956887581018498, 0.6859646022063688, 0.6941922767952142, 0.696962915409165, 0.7045316910977488, 0.6904023311452587, 0.6873343857797728, 0.6990598194955351, 0.7000001977609, 0.6955222991246248, 0.6973160123139235, 0.6987770189425601, 0.6887757801246613, 0.7065463525875707, 0.6938889504632977, 0.6964971616774314, 0.703386638101521, 0.6895771279360197, 0.6970381753061374, 0.7056435521248804, 0.6988141664505851, 0.6926152567967214]
test_f1_score -----> [0.7091969789488595]
val_f1_score -----> [0.6965481660737234, 0.661830854320172, 0.6861811702623242, 0.676197631519028, 0.6668719691841585, 0.6963395722784926, 0.6702244228290293, 0.6989312217818235, 0.6824135674061533, 0.688296912492993, 0.6708839118927734, 0.6897210927357286, 0.6893605501244979, 0.703166747676871, 0.6975044888200149, 0.7070290975153621, 0.6890836099335559, 0.7106408287292735, 0.6965268458047148, 0.6792622533298949, 0.6979548387410677, 0.7084497970325351, 0.7041514762151796, 0.6951345706534449, 0.6999770002990753, 0.7063567424404564, 0.6893605501244979, 0.6896904976230196, 0.7009419377542279, 0.7023140673296484, 0.6951853784056641, 0.6946711719711101, 0.6810097783984984, 0.7010389080995829, 0.7015712583683846, 0.7161946125418458, 0.6892563427359626, 0.678494403933067, 0.713495528365641, 0.7011651726713202]
train_loss -----> [0.6685897377027114, 0.6373953900737955, 0.61740959307941, 0.6027603623012944, 0.6047816763810673, 0.6038514178859763, 0.5969712544985252, 0.5958594926245551, 0.5955902949253846, 0.5976152215627338, 0.5886864998395248, 0.5877858502047172, 0.5901177115675151, 0.5907391163003459, 0.5873236875279048, 0.5847044132763746, 0.5792704708052007, 0.5820387565421729, 0.583309815649468, 0.58731140593519, 0.5823923584661984, 0.5822761920494215, 0.5708334476565255, 0.5865306044677328, 0.5773660203090948, 0.5805420790038405, 0.5774384242164669, 0.5809583165548453, 0.5810803134999976, 0.5756877564867814, 0.5794457819040845, 0.5752987791807823, 0.5870639324593019, 0.5793456873383709, 0.5751312512189707, 0.5818328827568948, 0.5800128797217822, 0.5772919177452456, 0.577076876406354, 0.5795597558515387]
val_loss -----> [0.6404318398720508, 0.6221819213918738, 0.6073814666754489, 0.6124137390304256, 0.6101537322675861, 0.5940044147742761, 0.6057709286341798, 0.5944532276810827, 0.6028248132080645, 0.592519079108496, 0.6049670230697941, 0.586361886681737, 0.5912221722506191, 0.5801869808016594, 0.5907115718802893, 0.5860046913494935, 0.5880943250817222, 0.5716772639268154, 0.5880874830323297, 0.603710184628899, 0.5844365422790117, 0.5795132819865203, 0.5808466354737408, 0.5907585475895853, 0.5872920308564158, 0.588570041430963, 0.5904163589348664, 0.5801902659036016, 0.5866965043383674, 0.583416275075964, 0.5883699591095386, 0.5826960117430301, 0.5828506946563718, 0.5799747379244983, 0.5886414953180261, 0.5821631687718469, 0.5852114876379839, 0.5992825131964038, 0.5766633314055366, 0.5795013284361041]
test_loss -----> [0.5887959696151116]
val_auc_roc -----> [0.7413351781390521, 0.7543871786002537, 0.760463507436873, 0.7521388216303471, 0.7549521503516662, 0.7635074368730542, 0.7525077827741266, 0.7588262423613513, 0.7707713593912142, 0.7696990660671047, 0.7561628041046926, 0.7810330912025827, 0.7715092816787732, 0.7838925400668741, 0.7673815288827395, 0.7692493946731236, 0.7715784618932319, 0.7806180099158309, 0.7727084053960568, 0.7623544332987432, 0.7659518044505939, 0.7768938083708059, 0.7747031015796149, 0.7678196702409777, 0.7653868326991813, 0.7702755678542603, 0.7656289634497867, 0.7742188400784042, 0.7724547446097083, 0.7772512394788423, 0.7700795572466275, 0.7775740804796494, 0.7697451862100773, 0.7809754410238672, 0.7682462815634727, 0.7821284445981782, 0.7704946385333795, 0.7757638648679812, 0.7775510204081633, 0.7735731580767901]
val_auc_pr -----> [0.713882254760204, 0.7400543311817454, 0.7431125813471702, 0.7312046375418736, 0.7400549415607125, 0.7550395549765837, 0.7403042268122497, 0.7434506526979723, 0.7584228892519693, 0.7536478986263462, 0.7325088680095361, 0.769737387040963, 0.7663676177685812, 0.7769773975969108, 0.7561222045129985, 0.7596480383001645, 0.7611063759033708, 0.7722835102509789, 0.7620829323702436, 0.7364308123149808, 0.7565065777510385, 0.7705535112893276, 0.7649824841818369, 0.7482061366600776, 0.7488377548887242, 0.7604036309607358, 0.755620465404183, 0.7654853175308347, 0.7596992558738348, 0.7570272166474987, 0.7439292756415548, 0.7670110548329822, 0.7616154853137865, 0.7580204569868609, 0.7538182770663215, 0.7715693481316697, 0.7552493714273922, 0.7572533676847528, 0.7654466892619943, 0.7562668330347586]
test_auc_roc -----> [0.7659921595756947]
test_auc_pr -----> [0.7160369602746998]
cm -----> [[176  51]
 [118 244]]
--------
