--------
epochs_index -----> 29
train_acc -----> [0.5910326242446899, 0.66236412525177, 0.6709691882133484, 0.6863677501678467, 0.6895380616188049, 0.701766312122345, 0.69089674949646, 0.6890851259231567, 0.7024456262588501, 0.6992753744125366, 0.7062953114509583, 0.7076539993286133, 0.7121829986572266, 0.7144474387168884, 0.7119565010070801, 0.7087862491607666, 0.7119565010070801, 0.704483687877655, 0.7067481875419617, 0.7164855003356934, 0.70652174949646, 0.7096920013427734, 0.7117300629615784, 0.7062953114509583, 0.7056159377098083, 0.7225996255874634, 0.7135416865348816, 0.7167119383811951, 0.7160326242446899, 0.7198822498321533]
test_acc -----> [0.7147707939147949]
val_acc -----> [0.662895917892456, 0.6776018142700195, 0.6832579374313354, 0.6889140009880066, 0.6968325972557068, 0.7036198973655701, 0.7047511339187622, 0.6934388875961304, 0.7194570302963257, 0.7081447839736938, 0.7171945571899414, 0.6934388875961304, 0.6990950107574463, 0.7126696705818176, 0.7352941036224365, 0.709276020526886, 0.7024886608123779, 0.7104072570800781, 0.7183257937431335, 0.7194570302963257, 0.7070135474205017, 0.7138009071350098, 0.7104072570800781, 0.7013574838638306, 0.7126696705818176, 0.7081447839736938, 0.7070135474205017, 0.7228506803512573, 0.7036198973655701, 0.7081447839736938]
train_f1_score -----> [0.5869693649006406, 0.6622011419830447, 0.6709408328447592, 0.6863592405702366, 0.6894484611543138, 0.7017618795422577, 0.6908674236061538, 0.6890815525982514, 0.7024319140032678, 0.6992427230636193, 0.7062674344885327, 0.7076287779710825, 0.7121605157480851, 0.7144467412596751, 0.7119279178984081, 0.7086485371584361, 0.7119465314234186, 0.7044196517103098, 0.7067337314224322, 0.7163828820408201, 0.7065216739298148, 0.7096347879107279, 0.7117222474262954, 0.706219342900804, 0.7055963715679253, 0.7225195945905059, 0.7135092091575856, 0.7166257958972161, 0.7160255556829985, 0.7198287818550386]
test_f1_score -----> [0.7124424556098468]
val_f1_score -----> [0.6617254223529124, 0.6772048457586224, 0.6802315016347746, 0.6877917671406568, 0.6945750775302573, 0.7032781710592224, 0.7038411872131957, 0.6869782409942125, 0.7188222991869897, 0.7064075580392886, 0.716724769397352, 0.6921590221022567, 0.6964834241367027, 0.712381123042684, 0.7348543838350046, 0.7074939276397362, 0.6969978902830303, 0.7078938215383804, 0.7170654534079248, 0.7194555725496129, 0.7046548327150737, 0.7113776655499793, 0.7092404102575902, 0.6985039869714074, 0.7110590607695035, 0.7046617582274721, 0.704889333033809, 0.7220650141766609, 0.6986075998914909, 0.7061957614501814]
train_loss -----> [0.6633851793797123, 0.6203327384115992, 0.6064884533592761, 0.5881986512762055, 0.5828217715564846, 0.5760152359371589, 0.5809065050081064, 0.5854820720851426, 0.5692872162638368, 0.5718929083558962, 0.5705079167433408, 0.5656711928330466, 0.5602526670942692, 0.5630978282433061, 0.5664654325801831, 0.5671224808185426, 0.5636378572308924, 0.5637096528881698, 0.5608136696012127, 0.5514618449075063, 0.561098210324628, 0.5550213166229098, 0.5615073841982992, 0.5654195196440691, 0.5667194580470307, 0.5502515857958271, 0.5555118558577445, 0.5463064928147674, 0.5538611970032042, 0.5561468697058549]
val_loss -----> [0.6342075711435027, 0.6135644552943945, 0.6096701109194539, 0.5975300414605184, 0.5917607588810961, 0.5879767751908516, 0.5786350702380275, 0.589507652564092, 0.5747612188528248, 0.5726067155331105, 0.5681668281018195, 0.572637666184623, 0.5745867407536722, 0.5646966808551068, 0.5604315805542576, 0.5678353529792651, 0.5706538372748606, 0.5638545939514228, 0.5607912266576612, 0.5597998003164922, 0.5612398933719945, 0.5603969502556432, 0.5620467394321886, 0.5674339986599242, 0.5591554467205525, 0.5615063162000333, 0.5590592096517754, 0.5567975457724152, 0.5650009566599185, 0.5547381260910551]
test_loss -----> [0.5681720577381756]
val_auc_roc -----> [0.7272015315001741, 0.7464783685837719, 0.7464783685837718, 0.7549855654061137, 0.7600786224688274, 0.7648747978133126, 0.7746565385639114, 0.7734690116909974, 0.781290309371225, 0.7799748162404537, 0.785615568886796, 0.7790125099813681, 0.7795397309637394, 0.7872125877848529, 0.7927253741733379, 0.7843768555107389, 0.7880008599332529, 0.7896644212853954, 0.7906472021457381, 0.7903912696300239, 0.7909287279130238, 0.792259576994738, 0.7878473004238242, 0.7867519092565671, 0.7965797178599947, 0.7932986630085379, 0.796134395282652, 0.7931348661984807, 0.7901199811633669, 0.7967332773694232]
val_auc_pr -----> [0.6996460697401872, 0.7146729781436951, 0.7094206165378165, 0.7222741272718843, 0.7269769881357653, 0.7331935428029819, 0.7482770169056958, 0.742626395279835, 0.756956880612781, 0.7545190397923114, 0.7617026003543539, 0.754074913593735, 0.7504970172941143, 0.7596082453650415, 0.7761980185423517, 0.7565818625805887, 0.7614496772037116, 0.7696700500327213, 0.7747678949726751, 0.7648045964855383, 0.771217525161777, 0.7685215705602533, 0.7622760660039889, 0.7549242839103388, 0.7730741665563744, 0.7662174824786057, 0.7733104369268822, 0.7658676376565554, 0.7688319592236618, 0.7758328872237283]
test_auc_roc -----> [0.7901821745647412]
test_auc_pr -----> [0.763797029053755]
cm -----> [[184  58]
 [110 237]]
--------
