--------
epochs_index -----> 29
train_acc -----> [0.6607789993286133, 0.701766312122345, 0.7117300629615784, 0.7133151888847351, 0.7271286249160767, 0.7300724387168884, 0.7382246255874634, 0.7352808117866516, 0.74388587474823, 0.7461503744125366, 0.7454710006713867, 0.74388587474823, 0.7389039993286133, 0.7429800629615784, 0.7509058117866516, 0.7490941882133484, 0.7493206262588501, 0.7434329986572266, 0.7477355003356934, 0.7450181245803833, 0.7601901888847351, 0.7522644996643066, 0.7493206262588501, 0.7459239363670349, 0.7549818754196167, 0.7624546885490417, 0.7484148740768433, 0.7692481875419617, 0.7604166865348816, 0.7538496255874634]
test_acc -----> [0.7572156190872192]
val_acc -----> [0.685520350933075, 0.7115384340286255, 0.7194570302963257, 0.7160633206367493, 0.7239819169044495, 0.7432126402854919, 0.7409502267837524, 0.7409502267837524, 0.7488687634468079, 0.7398189902305603, 0.7488687634468079, 0.7398189902305603, 0.7398189902305603, 0.7375565767288208, 0.7420814633369446, 0.7466063499450684, 0.7454751133918762, 0.7420814633369446, 0.7466063499450684, 0.7409502267837524, 0.7511312365531921, 0.7488687634468079, 0.733031690120697, 0.75, 0.7466063499450684, 0.7420814633369446, 0.7533936500549316, 0.7454751133918762, 0.7533936500549316, 0.7488687634468079]
train_f1_score -----> [0.6607672210717496, 0.7017582090185579, 0.7117288700915042, 0.7133152123880738, 0.727116849862369, 0.7300320903665382, 0.7382192631075346, 0.7352397225371712, 0.743877655957208, 0.7461487822214695, 0.7454175370144812, 0.7438811233360161, 0.7388792222395935, 0.7429657138620119, 0.750831991255716, 0.7490923451390377, 0.7492817558070313, 0.7434219008578866, 0.7477104557768786, 0.7449992288279452, 0.7601768199114631, 0.7521986142748653, 0.7492817558070313, 0.7459050930061217, 0.7549575520560624, 0.7624493331329414, 0.7484091605538324, 0.7692301843321904, 0.7603808313232869, 0.7538429552408216]
test_f1_score -----> [0.7570363268829732]
val_f1_score -----> [0.6802019574381828, 0.707249409676125, 0.7177871098597565, 0.7148779130908969, 0.7232324737613416, 0.7427620202532665, 0.7393622929561514, 0.7389697536506574, 0.7484515946632438, 0.7370939078013035, 0.7488224884308983, 0.7394776176398528, 0.7395937345813339, 0.7352787753024066, 0.7419744628089044, 0.7447194669680497, 0.7453026929339615, 0.7409663588797017, 0.7465946559851047, 0.7408941862354199, 0.7501990856073448, 0.7484038657020189, 0.7297098357937953, 0.7492912980115903, 0.7465012265311947, 0.7393800476902537, 0.7533886108716731, 0.7440915199240234, 0.7522523399133092, 0.7487646083923396]
train_loss -----> [0.6230222700514655, 0.574628214743258, 0.5610368756604367, 0.5522659394242194, 0.5410503994511519, 0.5352258380178524, 0.5256502438282615, 0.5306991507177768, 0.5224279067546564, 0.5203993339631439, 0.5180627846469481, 0.5118088460648836, 0.517400685103907, 0.5158157941169933, 0.5113254113905674, 0.5195793953278784, 0.5142678897827863, 0.5165876182525058, 0.5132878171684947, 0.5176740653974856, 0.4980850206769029, 0.5046292643562185, 0.5090670449038348, 0.5080731796721621, 0.5064818726150665, 0.5012291239547553, 0.5180348564155298, 0.4947325977078384, 0.49985536973437555, 0.5054643996113889]
val_loss -----> [0.5955940511849551, 0.5725921612602095, 0.5614997672068105, 0.5519552677869796, 0.5466362072809327, 0.5428183694949023, 0.5404353038416253, 0.5399726551395282, 0.5294444765056577, 0.5422506529737161, 0.5290014374632022, 0.5294648348479657, 0.5350131767021643, 0.537417437042202, 0.5335233191380625, 0.5335606222485635, 0.5248591415248476, 0.5320345976868195, 0.5239060554686966, 0.5280675094675376, 0.5252673534659653, 0.5223792796736365, 0.5409863654289158, 0.5226337294857786, 0.5231051022136535, 0.5463654910390444, 0.5181336876776842, 0.5254020439880388, 0.5218263382578753, 0.52031099648626]
test_loss -----> [0.5004519121469677]
val_auc_roc -----> [0.7639892713089412, 0.7865010953911673, 0.7927509674249095, 0.797787719334166, 0.8022563010585368, 0.8078663418029934, 0.8125703814418214, 0.8129901107675928, 0.8176583198542209, 0.816404250527221, 0.8153114186851211, 0.8160613009561639, 0.8122018386191929, 0.8194549661145349, 0.8155801478266211, 0.8194959153170492, 0.8186718126164494, 0.8190454740893922, 0.8216047992465346, 0.8178528285661636, 0.8225926987571917, 0.822797444769763, 0.8208062897975062, 0.8226285293093918, 0.8224800884502774, 0.8205861878339921, 0.8249626338527057, 0.8244328535451771, 0.8254130750803629, 0.8243330398640487]
val_auc_pr -----> [0.7538286592422611, 0.7720002169557753, 0.7798196729199325, 0.7806562893974716, 0.7847056560147783, 0.7948236489721388, 0.7910350497444801, 0.7936494984263918, 0.7980454278819872, 0.7988434144472685, 0.7992812374889433, 0.7989360034200091, 0.7975989581175076, 0.7997224809951002, 0.7976795735294259, 0.8020111607747337, 0.8002804275633936, 0.800775446346591, 0.8076000978333594, 0.8044409167128721, 0.806934505029196, 0.8062074118512939, 0.7984847498181517, 0.8073273425558722, 0.8040482529844543, 0.8064197491222528, 0.8079589682913326, 0.8060842253232013, 0.8098699796130613, 0.8089893577609476]
test_auc_roc -----> [0.8341116107459933]
test_auc_pr -----> [0.8314418051301127]
cm -----> [[215  64]
 [ 79 231]]
--------
