--------
epochs_index -----> 39
train_acc -----> [0.5842529535293579, 0.6468591094017029, 0.6778438091278076, 0.6799660325050354, 0.6895161271095276, 0.7054329514503479, 0.6886672377586365, 0.7052206993103027, 0.7020373344421387, 0.7105262875556946, 0.7026740312576294, 0.7037351727485657, 0.7081918716430664, 0.7050085067749023, 0.7081918716430664, 0.7158319354057312, 0.6994906663894653, 0.7045840620994568, 0.7079796195030212, 0.7020373344421387, 0.7134974598884583, 0.700127363204956, 0.7160441279411316, 0.708616316318512, 0.7145586013793945, 0.7067062854766846, 0.7190153002738953, 0.7088285088539124, 0.7134974598884583, 0.7120118737220764, 0.7175297141075134, 0.7071307301521301, 0.7060695886611938, 0.717954158782959, 0.7060695886611938, 0.7151952385902405, 0.7064940333366394, 0.7134974598884583, 0.7111629843711853, 0.7132852077484131]
test_acc -----> [0.6926994919776917]
val_acc -----> [0.6553480625152588, 0.7028862237930298, 0.7045840620994568, 0.7164685726165771, 0.7215619683265686, 0.6706281900405884, 0.7147707939147949, 0.7181664109230042, 0.7181664109230042, 0.7215619683265686, 0.7164685726165771, 0.7147707939147949, 0.6977928876876831, 0.7113752365112305, 0.7215619683265686, 0.7045840620994568, 0.7130730152130127, 0.7147707939147949, 0.706281840801239, 0.706281840801239, 0.7181664109230042, 0.7130730152130127, 0.706281840801239, 0.7198641896247864, 0.7198641896247864, 0.7215619683265686, 0.7181664109230042, 0.7164685726165771, 0.7215619683265686, 0.7147707939147949, 0.7215619683265686, 0.7300509214401245, 0.7198641896247864, 0.7300509214401245, 0.7147707939147949, 0.7249575257301331, 0.7198641896247864, 0.7215619683265686, 0.7181664109230042, 0.7198641896247864]
train_f1_score -----> [0.5841832792511455, 0.6467897818080999, 0.6778045592727129, 0.6799069883699452, 0.6894878040382274, 0.705375129668715, 0.6886150424705229, 0.7050957357182159, 0.7019333860022261, 0.7104987205404901, 0.7026305041105999, 0.70356766390171, 0.7080681328599836, 0.704895987155524, 0.70817385203222, 0.7157437161237323, 0.6994352089333797, 0.7045361290385381, 0.7078867891651446, 0.7019982086936238, 0.713418920017467, 0.7000386904922729, 0.7160068396736694, 0.7085027431150683, 0.7144973482273559, 0.7066587142824895, 0.7189532505191244, 0.7087527512057517, 0.7133296521942327, 0.7118576919472981, 0.7174377585601057, 0.7070141268577705, 0.7059951199050218, 0.7178971189194263, 0.7060295530334595, 0.7151656839145597, 0.7063426276162683, 0.7134509870631338, 0.7110504248503864, 0.7132086403949983]
test_f1_score -----> [0.6926675937491122]
val_f1_score -----> [0.6495126656329167, 0.7028554081541167, 0.7037634358511613, 0.7164555087334006, 0.7215418980247696, 0.6598173195654091, 0.7143351990303445, 0.7172789049814741, 0.7181265661612959, 0.7203358375002876, 0.7159970499443662, 0.7143351990290124, 0.69632139460576, 0.7113743752364234, 0.7213298202703968, 0.7034136635621984, 0.7122235759998272, 0.7135147604883614, 0.7062513462887723, 0.699575732839687, 0.7181005600791195, 0.7116065972157282, 0.7054122998090442, 0.719860941542156, 0.7195408020325832, 0.7214262592824963, 0.7181460675739718, 0.7140651975610037, 0.7214648161995463, 0.7144077530062766, 0.7212719248058375, 0.7299730934917499, 0.7198512510834965, 0.7299388317517117, 0.7147305007539988, 0.7213519714953951, 0.7191355387859759, 0.7207885254563149, 0.7177359704106301, 0.719783399096428]
train_loss -----> [0.6753869507025373, 0.6258454891032397, 0.6024522772264399, 0.5974801903264833, 0.585007311026795, 0.5818002829628606, 0.5801949629556945, 0.5706273741602695, 0.5740041175702226, 0.5634406631486726, 0.5718489222747162, 0.5742497806182741, 0.5703682013501135, 0.56691016484501, 0.5606246342430299, 0.5540311367635209, 0.5687702780617923, 0.5683069894744905, 0.5688785575646494, 0.5717623470341605, 0.5622298822489974, 0.5673113771934051, 0.5589960656668015, 0.5609699436329022, 0.5568077978385532, 0.5640014215468959, 0.5601980213094847, 0.5543958129320163, 0.558176766809057, 0.5595653376625832, 0.5514410383784301, 0.5607383822949504, 0.566714876981259, 0.5493628501588509, 0.5602368768083216, 0.5530157036864296, 0.5601571955178914, 0.5561981396733799, 0.5708752810094883, 0.5589764470357853]
val_loss -----> [0.6344267242663618, 0.5981032393268636, 0.5862722203538224, 0.5748761183506732, 0.5664539526443226, 0.6043796716509641, 0.5677387408308079, 0.5660808754933846, 0.5540745262358642, 0.5696109688362561, 0.5612067040559406, 0.5556079048562694, 0.5682971960789448, 0.5559327652728236, 0.5553804398388478, 0.5626705695648451, 0.5575131918932941, 0.5524409356954936, 0.5531332531088106, 0.5831077326391193, 0.5456142576562392, 0.5566960259063823, 0.5533980755387128, 0.5481559038162234, 0.550831895220924, 0.5477169840722472, 0.5443989980865167, 0.5608045138620044, 0.551697515152596, 0.5495569271010323, 0.5452187371415059, 0.5416060758603586, 0.547457213740091, 0.541140644936948, 0.5442543200947142, 0.5578382345470225, 0.5439159014337771, 0.5379898145392135, 0.5424311366435645, 0.5334578575314701]
test_loss -----> [0.5742923359613157]
val_auc_roc -----> [0.718955378761674, 0.7476305776547907, 0.7621584226911103, 0.7714055113570852, 0.7796610169491526, 0.7767439179061455, 0.7800415081286751, 0.7829240170644529, 0.7916522541219878, 0.784688112533149, 0.7876859218263578, 0.7934739997693993, 0.7876398016833852, 0.7899803989392367, 0.791790614550905, 0.787824282255275, 0.792390176409547, 0.7952957454168108, 0.7919635650870518, 0.7894384872593104, 0.7980860140666436, 0.7933932895191975, 0.7955494062031592, 0.7942119220569582, 0.7949498443445175, 0.7964487489911218, 0.7965179292055806, 0.7933471693762251, 0.7941081517352705, 0.7941081517352704, 0.7985010953533956, 0.800322841000807, 0.7962181482762596, 0.8008878127522195, 0.7995733886775048, 0.8033321803297591, 0.8017064452899804, 0.8061570390868211, 0.8018217456474115, 0.8068834313386372]
val_auc_pr -----> [0.6908712896904724, 0.7275308183347031, 0.7517081666766667, 0.7611536136864994, 0.77362188149479, 0.7684045587992749, 0.770962979730827, 0.7764281281729265, 0.7893068136225854, 0.7770321236318335, 0.7835208849088673, 0.7941268922418034, 0.7891002875900462, 0.7850890016325587, 0.7909955665892476, 0.7846950575340027, 0.7852031946602189, 0.7933159179988072, 0.792005075944384, 0.7822573592800339, 0.796964398174409, 0.7915111073379337, 0.7950764101943802, 0.7911090734537447, 0.7900092652338039, 0.7933076724721343, 0.7949034991096915, 0.7862516559407006, 0.7905773363243718, 0.7896837319989768, 0.7967183406494031, 0.7938105939048955, 0.7931949703106631, 0.7945332830668341, 0.7988736687012981, 0.7983926155800658, 0.7965063771336511, 0.7988962852953598, 0.7949467640697441, 0.8037456919687026]
test_auc_roc -----> [0.7720108382335985]
test_auc_pr -----> [0.7673597765776272]
cm -----> [[207  94]
 [ 87 201]]
--------
