--------
epochs_index -----> 39
train_acc -----> [0.6097198724746704, 0.6602292060852051, 0.6615025401115417, 0.6825127601623535, 0.6876060962677002, 0.6869694590568542, 0.6971561908721924, 0.6948217153549194, 0.6958828568458557, 0.6943972706794739, 0.694609522819519, 0.6852716207504272, 0.6831493973731995, 0.695246160030365, 0.6990662217140198, 0.7050085067749023, 0.6988539695739746, 0.6992784142494202, 0.711799681186676, 0.7043718099594116, 0.6956706047058105, 0.7005518078804016, 0.7014006972312927, 0.7028862237930298, 0.6975806355476379, 0.6967317461967468, 0.700127363204956, 0.6956706047058105, 0.6963073015213013, 0.6897283792495728, 0.712436318397522, 0.6994906663894653, 0.7120118737220764, 0.7011884450912476, 0.698429524898529, 0.6999151110649109, 0.6954584121704102, 0.6963073015213013, 0.7079796195030212, 0.7045840620994568]
test_acc -----> [0.7164685726165771]
val_acc -----> [0.6757215857505798, 0.6842105388641357, 0.6943972706794739, 0.6943972706794739, 0.6842105388641357, 0.6943972706794739, 0.6876060962677002, 0.6893039345741272, 0.6808149218559265, 0.6876060962677002, 0.6960950493812561, 0.6910017132759094, 0.6943972706794739, 0.6926994919776917, 0.7011884450912476, 0.7011884450912476, 0.7028862237930298, 0.6977928876876831, 0.6977928876876831, 0.6960950493812561, 0.6977928876876831, 0.7181664109230042, 0.7130730152130127, 0.7113752365112305, 0.7045840620994568, 0.6994906663894653, 0.7164685726165771, 0.7130730152130127, 0.7096773982048035, 0.7130730152130127, 0.7079796195030212, 0.7045840620994568, 0.706281840801239, 0.7096773982048035, 0.706281840801239, 0.7130730152130127, 0.7130730152130127, 0.706281840801239, 0.7181664109230042, 0.7164685726165771]
train_f1_score -----> [0.6078078935940391, 0.660128764627494, 0.6614494633927752, 0.6824961975554638, 0.6875448064067886, 0.6868139203748389, 0.6969880426089385, 0.6947337337282704, 0.695876806724184, 0.6942595758823125, 0.6945192326599099, 0.6851918868660212, 0.6829043125993204, 0.695158304328088, 0.6989251293012659, 0.704870190118975, 0.6988067634318113, 0.6992459098384847, 0.7117080374972518, 0.7041636210790183, 0.6956072301402081, 0.7004632641716855, 0.7012101064335488, 0.7027469541126503, 0.6975119626826902, 0.6965249570122636, 0.699843096944399, 0.6955738778727989, 0.6962037311374734, 0.689594080432075, 0.7123672921154575, 0.6993858081475657, 0.7119697315188647, 0.7010744964064891, 0.6983359380299062, 0.6997514780889098, 0.6954106452464442, 0.696035118735348, 0.707895422322619, 0.7045328814662459]
test_f1_score -----> [0.7130810130469891]
val_f1_score -----> [0.6756879030741049, 0.6836405799196803, 0.6930515294525831, 0.6935483820880693, 0.6833333283249772, 0.6937537501294417, 0.6857719378542153, 0.6862616633976677, 0.6795503955165272, 0.686230452440657, 0.6951953855275225, 0.689345986566058, 0.6924389005313821, 0.6921884198220343, 0.6985600247990026, 0.6983635509747218, 0.7005522629183208, 0.6942954066401608, 0.6942954066401608, 0.6938891597287644, 0.6945163120498077, 0.7151107176434988, 0.710263502975131, 0.7088363874199051, 0.7011651726713202, 0.6963395722784926, 0.7144105565069996, 0.710819042304226, 0.7075700909142546, 0.7114628122293769, 0.7065577519244567, 0.7017912378388226, 0.704149858117882, 0.7080481710132094, 0.704318122091501, 0.710990323710627, 0.7113121859566915, 0.7036025373107014, 0.7155019852952258, 0.713495528365641]
train_loss -----> [0.6609937684746463, 0.6272712306377233, 0.6160292220135902, 0.6001522277935657, 0.5936559507518958, 0.5952319187603906, 0.5891261071928083, 0.5853482509104619, 0.5781555820401941, 0.583113803877693, 0.5831252769622408, 0.5858923275219764, 0.5869796923749111, 0.5854457086031225, 0.5788747383651591, 0.5716240264361503, 0.5816145182060672, 0.5781019173929365, 0.5693243260547537, 0.5686153515996276, 0.5760559874297405, 0.5729577743238011, 0.5778460727280385, 0.571518267759442, 0.5763261662274346, 0.5750931799411766, 0.5720616546419973, 0.5715832342164417, 0.5797944962472382, 0.5744167796774109, 0.574619097448569, 0.5770271049088249, 0.5619826275595983, 0.5727296417455731, 0.5780550586043871, 0.5789607486771395, 0.5783345456439082, 0.5723905256982571, 0.5633518127107865, 0.5790871820951757]
val_loss -----> [0.6472206760097192, 0.6282288134098054, 0.6180972541506227, 0.6109993461821529, 0.6076113553466028, 0.6016499625669941, 0.6025349642779376, 0.5997876959878046, 0.5972759457858834, 0.5962654879769763, 0.5948860943317414, 0.5939286423696054, 0.5959923537196341, 0.5924560540431255, 0.5963054557104368, 0.5926282442099342, 0.5883005233229817, 0.5912440958860758, 0.5926828746860093, 0.5909245372624011, 0.591876931689881, 0.5891298071758166, 0.5877623759411478, 0.589170651661383, 0.5868710150589813, 0.5915707941796331, 0.5883917659521106, 0.5853188343950221, 0.586690880156852, 0.5833861537881798, 0.5845508378099751, 0.587712203731408, 0.587479779446447, 0.5852730926629659, 0.5838969450544667, 0.5845418818093633, 0.5833015683534982, 0.5843098844225344, 0.5867816334640661, 0.585380508690267]
test_loss -----> [0.5620617202004868]
val_auc_roc -----> [0.7188285483685, 0.7371497751643028, 0.7465236942234521, 0.7505015565548253, 0.7500980053038164, 0.7545024789576847, 0.7532687651331719, 0.7564856451054999, 0.755978323532803, 0.7564164648910412, 0.7561282139974633, 0.7579038395019024, 0.7554364118528768, 0.756923786463738, 0.7536492563126945, 0.7596794650063414, 0.7634959068373112, 0.7582151504669664, 0.7569583765709674, 0.7565202352127292, 0.7576847688227833, 0.7615588608324686, 0.7615703908682117, 0.7597140551135708, 0.7639109881240631, 0.7599792459356622, 0.7637265075521733, 0.7663553557016026, 0.7640147584457513, 0.7658365040931627, 0.7655828433068143, 0.7644874899112188, 0.7634497866943387, 0.7639686383027787, 0.7668857373457858, 0.7673008186325379, 0.7672777585610515, 0.7680733310273261, 0.7651447019485759, 0.7657788539144471]
val_auc_pr -----> [0.6780022073668378, 0.6963332611026024, 0.7083055359619788, 0.7087956939169272, 0.7109855824913995, 0.7165319107515798, 0.7130125459627081, 0.7206707010703569, 0.715200627868987, 0.7211170879972798, 0.7169008018452776, 0.7291516317037421, 0.7219476281928645, 0.7226055028636743, 0.7197394245603596, 0.7289396302562035, 0.7365815319120668, 0.7319496157811937, 0.7290867739068495, 0.7258745116535603, 0.7291176895628801, 0.733495438287078, 0.7352467668494285, 0.7286760408353001, 0.73677643246987, 0.7338972424842185, 0.7352296412860143, 0.737541699690591, 0.7321429659667396, 0.7339657047573193, 0.7383137257005956, 0.7377082045280571, 0.73315449147065, 0.7322578773475483, 0.741425096435558, 0.7403599484028802, 0.7400318271479281, 0.7409847800871381, 0.7321700190152087, 0.7357075528539299]
test_auc_roc -----> [0.7953649256312695]
test_auc_pr -----> [0.7706439528873752]
cm -----> [[179  52]
 [115 243]]
--------
