--------
epochs_index -----> 39
train_acc -----> [0.6173599362373352, 0.6689304113388062, 0.6729626655578613, 0.6812393665313721, 0.6924872398376465, 0.6854838728904724, 0.7043718099594116, 0.6873939037322998, 0.6922750473022461, 0.7005518078804016, 0.7016128897666931, 0.7096773982048035, 0.7033106684684753, 0.6986417770385742, 0.6971561908721924, 0.6933361887931824, 0.7028862237930298, 0.6990662217140198, 0.6935483813285828, 0.7039473652839661, 0.7058573961257935, 0.7028862237930298, 0.7011884450912476, 0.7111629843711853, 0.6982173323631287, 0.7050085067749023, 0.7096773982048035, 0.6994906663894653, 0.7162563800811768, 0.6982173323631287, 0.6929117441177368, 0.6982173323631287, 0.6990662217140198, 0.700127363204956, 0.6980050802230835, 0.6988539695739746, 0.7020373344421387, 0.7177419066429138, 0.7052206993103027, 0.7041596174240112]
test_acc -----> [0.7164685726165771]
val_acc -----> [0.6910017132759094, 0.6876060962677002, 0.7028862237930298, 0.7028862237930298, 0.7113752365112305, 0.7164685726165771, 0.706281840801239, 0.6977928876876831, 0.7045840620994568, 0.7113752365112305, 0.7045840620994568, 0.7079796195030212, 0.6893039345741272, 0.6960950493812561, 0.7266553640365601, 0.6994906663894653, 0.7181664109230042, 0.6876060962677002, 0.685908317565918, 0.7164685726165771, 0.7113752365112305, 0.7147707939147949, 0.7215619683265686, 0.706281840801239, 0.6943972706794739, 0.6791171431541443, 0.706281840801239, 0.7164685726165771, 0.7147707939147949, 0.6893039345741272, 0.6774193644523621, 0.7045840620994568, 0.6943972706794739, 0.7028862237930298, 0.6994906663894653, 0.7045840620994568, 0.6893039345741272, 0.706281840801239, 0.7045840620994568, 0.7011884450912476]
train_f1_score -----> [0.6173473632668811, 0.6687985788395129, 0.6728883754907974, 0.6810718394359323, 0.6924616506050049, 0.6852996631200196, 0.7042412554642207, 0.6871216162082241, 0.6921627333357736, 0.700360668228672, 0.7014837734660608, 0.7094630212652346, 0.7032745541915787, 0.6985504689080717, 0.6970381753061374, 0.6933245417755406, 0.7028442718491266, 0.6988439798275805, 0.6934807359138916, 0.7037829847788524, 0.7058128076725962, 0.7028243528773936, 0.7010009405128557, 0.7110599024383764, 0.6981345960185519, 0.7048910408567561, 0.7096133284972057, 0.6993858081475657, 0.7161724903099496, 0.6981302985268119, 0.6927920390806073, 0.6981544499298029, 0.6988439798275805, 0.7000430149009853, 0.6978874025512434, 0.6987043747334223, 0.7018689112879744, 0.7177075513122693, 0.7050957357182159, 0.7040208957164451]
test_f1_score -----> [0.7159970499443662]
val_f1_score -----> [0.6909295302098428, 0.6874971114723849, 0.7027182875735667, 0.7012188885782948, 0.7088363874166502, 0.7138822179213663, 0.7041498581149364, 0.6975409029169496, 0.7030011078131284, 0.7113344353462978, 0.7045627457719331, 0.7076754335771311, 0.6892465720974393, 0.696091567312124, 0.7264534875434394, 0.6994906571154815, 0.7158657596502737, 0.6875835935196732, 0.6857778868231854, 0.7145729847329423, 0.7093637474769185, 0.7130961167335461, 0.7204588550212339, 0.7052998373703514, 0.6941424861532943, 0.6781671950552177, 0.7056165572148374, 0.7161412966624588, 0.714671275253987, 0.6893003175321477, 0.6768371516389042, 0.7028495496528071, 0.6943259089434375, 0.7028314211846423, 0.6986010236201223, 0.7041328848894878, 0.6889452537118776, 0.7062276334559815, 0.7045763716943207, 0.7007321135078702]
train_loss -----> [0.6497435205456358, 0.619888934953508, 0.6054460147746762, 0.595096203183885, 0.5890361260376074, 0.5833837258390735, 0.5770645237232106, 0.5851867362376185, 0.5852159017820303, 0.5754197285414143, 0.5734295475665099, 0.5711667288999205, 0.5730087076059215, 0.5748902087452457, 0.5754226423635549, 0.578981232435675, 0.5702986544178382, 0.577295142923227, 0.5730711198166801, 0.5734019061907838, 0.56685902497056, 0.5729041489660235, 0.5735821066920748, 0.564287956734465, 0.5740010975931218, 0.5723419907694155, 0.5623150401083032, 0.5740152838780646, 0.5602897618389697, 0.5691065162116682, 0.5816715632664938, 0.5778178220997432, 0.5687549417563332, 0.5671353323198539, 0.5711265025195528, 0.5724079951719847, 0.5751020087653392, 0.5625760654692733, 0.5679834238893914, 0.5683429302151218]
val_loss -----> [0.629183356423636, 0.6123535182024981, 0.6017590575927015, 0.595247591266761, 0.5986854897157565, 0.5973344288162282, 0.5905936505343464, 0.5925063370047388, 0.5880509667299891, 0.5852251987199524, 0.5867954661717287, 0.5833275483266728, 0.5851047574668318, 0.5849673184188638, 0.5788460345687095, 0.580608026804151, 0.5835456264180108, 0.58120162462866, 0.5813815774949822, 0.5787851870865435, 0.5885900061678242, 0.5761400372595398, 0.5743175805420487, 0.5815740048482612, 0.5756478563353822, 0.5800972760126396, 0.5702850540747518, 0.5761611916728921, 0.5722248832116258, 0.5747131211934865, 0.5782842281702401, 0.5788247170480524, 0.5773800812863015, 0.5771865065436107, 0.5823876225465053, 0.5691833059127265, 0.5746556911114101, 0.574982772405083, 0.5744978876129997, 0.5775241372553075]
test_loss -----> [0.5601130502449502]
val_auc_roc -----> [0.7371151850570737, 0.7462123832583881, 0.7515392597717054, 0.761708751297129, 0.7544217687074829, 0.7542949383143087, 0.7624351435489451, 0.7576617087512971, 0.7641646489104116, 0.7666090164879511, 0.761189899688689, 0.7639801683385219, 0.7636803874092011, 0.764522080018448, 0.7730081863253775, 0.7667127868096391, 0.7668857373457858, 0.7659748645220801, 0.7658019139859334, 0.7726276951458549, 0.7659287443791076, 0.7752450132595411, 0.7769745186210077, 0.7653753026634382, 0.7737345785771936, 0.7667358468811254, 0.7803066989507667, 0.7716015219647181, 0.7770667589069526, 0.773065836504093, 0.7702294477112879, 0.7691456243514356, 0.7680041508128675, 0.7718436527153234, 0.7674276490257119, 0.783235328029517, 0.7715554018217456, 0.772846765824974, 0.7732387870402398, 0.7714862216072871]
val_auc_pr -----> [0.7143546262496548, 0.7205501469509826, 0.7184778679109292, 0.724319605865368, 0.7214990798358427, 0.7187445732986357, 0.7292825409678969, 0.7235142983632412, 0.7239271515013044, 0.7289916578196999, 0.7306952530149768, 0.7308323494879783, 0.7329076125351941, 0.7304429273739174, 0.7361004385993578, 0.7284698580959219, 0.7349976416990146, 0.7324965603437825, 0.7330314202284958, 0.7433763187141482, 0.7225916809573651, 0.7367256689792109, 0.7412092952374503, 0.7333152876793668, 0.7422324586683771, 0.731831883662414, 0.7447456719004804, 0.7360490846133263, 0.7488569592554891, 0.7415736596714757, 0.7385848637407374, 0.7387067589139569, 0.7390957035006237, 0.7372938449619804, 0.7348660769423215, 0.7505389463628032, 0.7421310310251755, 0.7330589265793594, 0.7418622168042012, 0.7414507289322669]
test_auc_roc -----> [0.7879741727199354]
test_auc_pr -----> [0.7883640741891231]
cm -----> [[199  71]
 [ 96 223]]
--------
