--------
epochs_index -----> 29
train_acc -----> [0.7223731875419617, 0.8369565010070801, 0.9221014380455017, 0.9499546885490417, 0.973505437374115, 0.98097825050354, 0.9823369383811951, 0.9825633764266968, 0.9753170013427734, 0.9875453114509583, 0.985733687877655, 0.9911684989929199, 0.9929800629615784, 0.9870923757553101, 0.9832427501678467, 0.9870923757553101, 0.991847813129425, 0.98777174949646, 0.9902626872062683, 0.9875453114509583, 0.99388587474823, 0.9902626872062683, 0.9900362491607666, 0.9875453114509583, 0.9954710006713867, 0.989130437374115, 0.989130437374115, 0.9929800629615784, 0.9920742511749268, 0.9947916865348816]
test_acc -----> [0.784380316734314]
val_acc -----> [0.7567873597145081, 0.8088235259056091, 0.8110859990119934, 0.8269230723381042, 0.8133484125137329, 0.8133484125137329, 0.8156108856201172, 0.7477375268936157, 0.814479649066925, 0.8065611124038696, 0.8246606588363647, 0.8167420625686646, 0.8257918357849121, 0.820135772228241, 0.8110859990119934, 0.8122171759605408, 0.8235294222831726, 0.8257918357849121, 0.8065611124038696, 0.8291855454444885, 0.820135772228241, 0.8246606588363647, 0.7952488660812378, 0.7726244330406189, 0.814479649066925, 0.8257918357849121, 0.8178732991218567, 0.8246606588363647, 0.8020362257957458, 0.8110859990119934]
train_f1_score -----> [0.7223034070142529, 0.8369155387590888, 0.9221008690472898, 0.9499547025743393, 0.9735051240847629, 0.9809782207499065, 0.9823369478943015, 0.9825633283673556, 0.9753170125895616, 0.9875452791025812, 0.9857336899161441, 0.9911684619345219, 0.9929800670992945, 0.9870923803428417, 0.9832427451815371, 0.9870923803428417, 0.9918478210824656, 0.9877717115518954, 0.9902626756556131, 0.9875452688838735, 0.9938858642471882, 0.9902626636718557, 0.9900362248358345, 0.9875452791025832, 0.9954710057723568, 0.98913042977813, 0.9891304208599911, 0.9929800642194787, 0.9920742699514007, 0.994791648575243]
test_f1_score -----> [0.7841314040418044]
val_f1_score -----> [0.7549279343454824, 0.8087821710589218, 0.8097162863240659, 0.826784536070366, 0.8129460371199391, 0.8132946543091514, 0.8156106187538759, 0.7413424082056779, 0.8116686016441153, 0.806291137489636, 0.8246550189055595, 0.8138598986701671, 0.8250386793745883, 0.8192751979988536, 0.8102972552431854, 0.8120286062343911, 0.8234390313654402, 0.8257347620080426, 0.8053051475425407, 0.8285692953370053, 0.8198533461122401, 0.8240750795774021, 0.7943327177784095, 0.7673583648681248, 0.8142933217614754, 0.8257882832697074, 0.817770460340296, 0.8242447747348197, 0.8006008990814348, 0.8108533636833164]
train_loss -----> [0.5532589731603005, 0.36568663882739516, 0.19338444913729044, 0.13503691777399238, 0.0890297899377038, 0.061912990590282956, 0.049224850452009986, 0.05302248118632664, 0.08177228071848161, 0.04225044230686267, 0.05248130859641857, 0.03007028942676336, 0.028742809322510866, 0.046034447358374996, 0.06621608714131832, 0.044270911859618116, 0.028059678930224864, 0.04888787732998944, 0.04214079913880147, 0.043535600643871436, 0.027077751229081046, 0.03939458006344112, 0.030543814922278794, 0.05446487560714493, 0.012538447224482087, 0.03919851050459151, 0.041800309585000306, 0.028925815980513588, 0.03392958810017557, 0.02016923376921351]
val_loss -----> [0.4790508356448765, 0.407172913084159, 0.5607200482323228, 0.5864090135311585, 0.5758093990084532, 0.6685329172657992, 0.8589089334537748, 1.7239425115496794, 1.0030123404751785, 1.1091399041132217, 0.9274750493400912, 1.3223197676840943, 1.306602809863765, 1.2282995534724424, 1.1945329745941426, 1.0229702112325816, 1.3233366534150919, 1.1177286884111812, 1.1894141809569125, 1.1246337207794812, 1.2167221422659908, 1.2164263679185316, 1.496782064419611, 1.5925969439283136, 1.2799021697910085, 1.450810405184696, 1.3477728305016454, 1.8513167657126053, 1.8177163295681031, 1.5125288908377674]
test_loss -----> [2.0574503986731476]
val_auc_roc -----> [0.8655458528695155, 0.8934834462848835, 0.8900539505743125, 0.8975143834073831, 0.9042786797977109, 0.8913950369566552, 0.8920655801478266, 0.8807405663274709, 0.8957970762269405, 0.8927002927867981, 0.8963601277615119, 0.8992624024897115, 0.894783583464712, 0.8932531070207408, 0.8941079216232264, 0.8938417518068835, 0.8960120595401405, 0.8978906042054832, 0.904910833111525, 0.9033445261153539, 0.9015555578305112, 0.8995055383796401, 0.902935034090211, 0.8984587743903687, 0.9112835527528103, 0.9038461538461537, 0.9052844945844679, 0.8861433017341988, 0.9003526750066543, 0.8995080977047971]
val_auc_pr -----> [0.8511841191513184, 0.8806542880036452, 0.8787678436360864, 0.8863828545285184, 0.8944798027997256, 0.8792017659452198, 0.8784835191416696, 0.859264676045606, 0.8794743490133263, 0.8792421636274774, 0.8778039047881783, 0.868339196845452, 0.8709043734674222, 0.8727676696801632, 0.8877250251017667, 0.8773395805647883, 0.8846872964225794, 0.8763349572209128, 0.8889452061915026, 0.8875727080303752, 0.8802270817033824, 0.8786970006834122, 0.8874161045135885, 0.8889962000944663, 0.894334098863517, 0.8906681357460361, 0.8916710626337918, 0.8600387056535697, 0.8801098603422531, 0.8782665521671327]
test_auc_roc -----> [0.8664879511126483]
test_auc_pr -----> [0.8318195210459564]
cm -----> [[221  54]
 [ 73 241]]
--------
