--------
epochs_index -----> 39
train_acc -----> [0.6967317461967468, 0.7132852077484131, 0.7283531427383423, 0.7423599362373352, 0.740662157535553, 0.7491511106491089, 0.7565789222717285, 0.7635823488235474, 0.7729201912879944, 0.770373523235321, 0.7750424742698669, 0.7784380316734314, 0.7854413986206055, 0.7924448251724243, 0.7943548560142517, 0.7911714911460876, 0.8019949197769165, 0.7960526347160339, 0.7979626655578613, 0.8083616495132446, 0.8081493973731995, 0.8119694590568542, 0.8126060962677002, 0.8193972706794739, 0.8166383504867554, 0.8187606334686279, 0.8247028589248657, 0.8255518078804016, 0.8247028589248657, 0.8329796195030212, 0.828098475933075, 0.8259762525558472, 0.8264006972312927, 0.8387096524238586, 0.8389219045639038, 0.8278862237930298, 0.8384974598884583, 0.842954158782959, 0.8435908555984497, 0.8431664109230042]
test_acc -----> [0.8200339674949646]
val_acc -----> [0.7504244446754456, 0.7028862237930298, 0.7470288872718811, 0.7657045722007751, 0.7911714911460876, 0.7860780954360962, 0.7385398745536804, 0.8013582229614258, 0.7911714911460876, 0.774193525314331, 0.8013582229614258, 0.7775891423225403, 0.8081493973731995, 0.8081493973731995, 0.831918478012085, 0.833616316318512, 0.8098471760749817, 0.8285229206085205, 0.7996604442596436, 0.833616316318512, 0.7928692698478699, 0.831918478012085, 0.8217317461967468, 0.8200339674949646, 0.8455008268356323, 0.8421052694320679, 0.8387096524238586, 0.8370118737220764, 0.8370118737220764, 0.8421052694320679, 0.804753839969635, 0.8590831756591797, 0.8556876182556152, 0.8455008268356323, 0.8471986651420593, 0.833616316318512, 0.8505942225456238, 0.8607810139656067, 0.8573853969573975, 0.8607810139656067]
train_f1_score -----> [0.696726812773236, 0.7132711608525033, 0.7283406069802469, 0.7422573544746082, 0.7406434443307346, 0.7491205450455369, 0.7564757434544849, 0.7634626360902803, 0.7728052247724636, 0.7702933917689484, 0.7749528788902287, 0.7783341559378075, 0.7853541724200023, 0.7923879273451953, 0.794232269865282, 0.7910267537688049, 0.8018370259474936, 0.7958948705611172, 0.7978953206735007, 0.8082552206412772, 0.8079750098549856, 0.8118631430273584, 0.812536188947386, 0.8193328247052194, 0.8164943570888907, 0.8186468753035272, 0.8246444687457843, 0.8254634518902247, 0.8244579772629025, 0.8328582038056481, 0.8279977893160135, 0.825851702850793, 0.8263094282539862, 0.8385868111086138, 0.8388356560037304, 0.827832823849832, 0.8384565221125369, 0.8429251774212254, 0.843446640655638, 0.8430884633733631]
test_f1_score -----> [0.8200292819385323]
val_f1_score -----> [0.7490238656046402, 0.6913228970386747, 0.7453375726685578, 0.7643289521398817, 0.7908797220307134, 0.7859392616535655, 0.7324306735658896, 0.799132551276388, 0.791084755498902, 0.7730395103517, 0.8010278718098376, 0.7761021606013503, 0.8079279416257321, 0.8080697343168733, 0.831761377792267, 0.8330923635354294, 0.8098027858856568, 0.8284259809870749, 0.7989505179945462, 0.8330923635354294, 0.791178448542794, 0.8312882409208269, 0.8180306837331219, 0.8200209810895494, 0.8444679115602887, 0.8419229953142479, 0.836658731332756, 0.8360549217024154, 0.8369738157544144, 0.8403361294804332, 0.8040216948117427, 0.8588863148564121, 0.8551464687681118, 0.8454135071231179, 0.8469652828601495, 0.8335083135022734, 0.850583455143848, 0.8596445293481991, 0.8572368370808139, 0.8607324055835107]
train_loss -----> [0.5824725018950185, 0.5478471574865295, 0.5241521012752686, 0.5197602644790423, 0.5073279043397092, 0.49674828375843055, 0.48538456922982076, 0.4813635087807638, 0.47031791923102784, 0.4682255469401744, 0.45571124633372534, 0.4497738297023072, 0.4423845639050717, 0.4414906930716007, 0.43099162753525916, 0.4388183504849014, 0.42107950166462327, 0.42606926570268533, 0.4177705587563069, 0.41201638330425605, 0.4066735865494488, 0.3984584566616847, 0.40237425580772584, 0.395275629974636, 0.39779689242029226, 0.3847775716138515, 0.3854140644111938, 0.38059721928380774, 0.3777720281674017, 0.3638396036000019, 0.3726958491331908, 0.37952179042385287, 0.38039789081935366, 0.358075062986242, 0.3573130074167448, 0.3657713173770034, 0.3563246929951654, 0.3448395465827963, 0.34410823247251604, 0.3453843192322294]
val_loss -----> [0.5252747684717177, 0.5626315337580601, 0.4986641429163314, 0.49800837281587945, 0.458688278254625, 0.4732565024011845, 0.5480476136545878, 0.44508331107932175, 0.4376398891814658, 0.4483249869600341, 0.43520829021125246, 0.4208616615348571, 0.4247525606203723, 0.41020037118043445, 0.3873468400860155, 0.39747615712317247, 0.39144932347777717, 0.3853126660593457, 0.4142355114422939, 0.3989379001227585, 0.42190188542008394, 0.3883599059505237, 0.413394019611784, 0.3984321670959123, 0.37944982024664814, 0.3758460319273778, 0.4022813494367574, 0.37204462581792386, 0.3785736979664982, 0.3701198164977738, 0.4184861876875968, 0.3609795723412487, 0.3704406068333097, 0.3570857694422877, 0.3690204355563666, 0.3854879712232866, 0.3466489049983587, 0.4294480155599681, 0.33413942247578815, 0.3540341214755098]
test_loss -----> [0.37830563720215016]
val_auc_roc -----> [0.8188170183327569, 0.8317421884007841, 0.8470425458318922, 0.853603136169722, 0.8684884123140781, 0.8581344402167647, 0.8631500057650179, 0.8802836388792805, 0.8807448403090049, 0.8802605788077943, 0.8932895191975094, 0.8982704946385334, 0.8882854836849994, 0.8927360774818401, 0.905822668050271, 0.9026173181136862, 0.9004381413582383, 0.9071370921249856, 0.9025250778277413, 0.9034705407586765, 0.9044390637610977, 0.9045428340827856, 0.9071947423037011, 0.9006456820016142, 0.91260232906722, 0.9099504208463047, 0.9127176294246512, 0.9160152196471809, 0.9144471347861178, 0.9203159229793613, 0.9075175833045083, 0.9168684422921711, 0.9138706329989623, 0.9194511702986279, 0.913420961604981, 0.9137092124985587, 0.9263461316730082, 0.9142972443214574, 0.9275106652830624, 0.9230024213075061]
val_auc_pr -----> [0.7930815977823096, 0.8117214502322447, 0.831920727974734, 0.8324120357892024, 0.8548149717736482, 0.836659471677483, 0.8458657572988082, 0.8591049067517438, 0.8603131619628325, 0.8659830518135263, 0.8786793766541413, 0.8877290021659934, 0.8729622280057556, 0.8779705311991478, 0.8907221001964577, 0.8920864902503145, 0.8837187200426682, 0.8886615729325467, 0.8824067458555247, 0.8851057171038141, 0.8883693393793968, 0.8902223358099576, 0.8921214376231714, 0.8823772174795785, 0.8909475805384717, 0.891940512117076, 0.8956021795294882, 0.9021497378779841, 0.8877810250466913, 0.8970804745950308, 0.8909856562310892, 0.8984514859353793, 0.878881674556984, 0.9012325384161114, 0.883831634443, 0.8816023609991229, 0.9057376737581824, 0.8803631974281969, 0.9084632104977017, 0.8983707755293259]
test_auc_roc -----> [0.9067104808024904]
test_auc_pr -----> [0.8888356189793565]
cm -----> [[240  51]
 [ 55 243]]
--------
