--------
epochs_index -----> 29
train_acc -----> [0.6240941882133484, 0.671875, 0.688858687877655, 0.6972373127937317, 0.6974637508392334, 0.7015398740768433, 0.7053894996643066, 0.7135416865348816, 0.7169383764266968, 0.7099184989929199, 0.7133151888847351, 0.7194293737411499, 0.7115036249160767, 0.7228260636329651, 0.7212409377098083, 0.7176177501678467, 0.7244112491607666, 0.7194293737411499, 0.7250905632972717, 0.711277186870575, 0.7228260636329651, 0.7271286249160767, 0.7291666865348816, 0.7203351259231567, 0.726222813129425, 0.7273550629615784, 0.7253170013427734, 0.7250905632972717, 0.7352808117866516, 0.7259963750839233]
test_acc -----> [0.7334465384483337]
val_acc -----> [0.6425339579582214, 0.6527149081230164, 0.6493212580680847, 0.668552041053772, 0.6742081642150879, 0.6696832776069641, 0.6753393411636353, 0.6764705777168274, 0.6708144545555115, 0.6742081642150879, 0.685520350933075, 0.6832579374313354, 0.692307710647583, 0.6809954643249512, 0.6866515874862671, 0.6934388875961304, 0.6764705777168274, 0.6866515874862671, 0.685520350933075, 0.6934388875961304, 0.6821267008781433, 0.6866515874862671, 0.692307710647583, 0.6877828240394592, 0.692307710647583, 0.6889140009880066, 0.6866515874862671, 0.6877828240394592, 0.692307710647583, 0.6911764740943909]
train_f1_score -----> [0.622704587765248, 0.6718736320843544, 0.6887973471526257, 0.6972328269158025, 0.6974607223699407, 0.7015102169971275, 0.7053891100646255, 0.7135351835024974, 0.7169174393031947, 0.7098347762862911, 0.7132302743274811, 0.7193101496588294, 0.7114998309010288, 0.7228224433066051, 0.721160506915046, 0.7175273477842898, 0.7244061251373222, 0.7194117170781344, 0.7250795220927444, 0.7112728900578522, 0.7227749047090102, 0.7270765416129419, 0.7291599396384691, 0.7202745360245144, 0.726159785077829, 0.7273348773527241, 0.725285905492449, 0.7250363745580208, 0.7352601435082937, 0.7259388080230396]
test_f1_score -----> [0.7332958346198991]
val_f1_score -----> [0.6419401098420358, 0.652639805964867, 0.6482842835600562, 0.6678375122282345, 0.67339900977555, 0.6691345314985144, 0.6745693613568646, 0.6763363888356976, 0.670507099265387, 0.6740730069745525, 0.6841607369236973, 0.6830616156347347, 0.6919986832989256, 0.6797101399324338, 0.6832954973510468, 0.6933254938871651, 0.6729280460424585, 0.6854338998716528, 0.6846665076883616, 0.6921590221022567, 0.6809799512601884, 0.6861016733958052, 0.6914722664071227, 0.6855795202657085, 0.6915435089541193, 0.6855821724245543, 0.6854338998716528, 0.6877812022755079, 0.6922068562250954, 0.691033736080908]
train_loss -----> [0.6438602641548792, 0.6041787643039569, 0.5921175715823964, 0.5788345466489375, 0.5763293912337308, 0.5779830053772608, 0.571096934162188, 0.5674002013452671, 0.5661237498448375, 0.5544191352969061, 0.5625566014939026, 0.5579293882069376, 0.5593277046429938, 0.5500672912306115, 0.5519063771040973, 0.5535565259447992, 0.5456187014832451, 0.548849919756902, 0.5405251594611269, 0.552988177111399, 0.5438464887548183, 0.5455809161606909, 0.543836270985396, 0.54635513851932, 0.5485572765540818, 0.5462237449929759, 0.5531483912111624, 0.5479657757163485, 0.5352612662034629, 0.5488552024075083]
val_loss -----> [0.6350996088874236, 0.6180167031717728, 0.615413143559619, 0.6022241198801779, 0.6004857069200225, 0.5960593070532827, 0.5939945839009844, 0.5976412717823508, 0.586179645748826, 0.5871070572384844, 0.5871933553669906, 0.5858814085389044, 0.5883074424288296, 0.5861705036850663, 0.5874384005327481, 0.5858805193020417, 0.5834032294449506, 0.5905525461510496, 0.581094610529977, 0.5845159713749412, 0.5812451463561875, 0.5781269449371476, 0.5748001224285848, 0.575938190157349, 0.5771394750556429, 0.5785036758259611, 0.5720252273855986, 0.5686083245384799, 0.5700844899491144, 0.5689322328245318]
test_loss -----> [0.5220633668674005]
val_auc_roc -----> [0.6924484551913351, 0.715712720869761, 0.7189374705677607, 0.7361924407772159, 0.7382808501054442, 0.7431998730574723, 0.7447098749001863, 0.7403283102311582, 0.7545325648532994, 0.7526079523351282, 0.7560169734444422, 0.7534397330111997, 0.7531146987162426, 0.7570253475563564, 0.7579108740607277, 0.7561193464507279, 0.7640634917384983, 0.7547884973690138, 0.7614376241272702, 0.7576805347965848, 0.7612994205687844, 0.7649131876906696, 0.7682454290452694, 0.7718131283143261, 0.767016952969841, 0.7706153641407834, 0.7725962818124117, 0.7733794353104974, 0.7715213652464118, 0.7732719436538974]
val_auc_pr -----> [0.6594025100457794, 0.6911278295884382, 0.6922038458716753, 0.7190093149487607, 0.7222664132367592, 0.7261012689004799, 0.7246067146059997, 0.7218725910437596, 0.7433856727406514, 0.7341302415629885, 0.7405553662157629, 0.7419370211000922, 0.7333051466470664, 0.7386292027115784, 0.7400213373713826, 0.7371177108473334, 0.7437233950142244, 0.7292980178853326, 0.7462372144897065, 0.7390281745357126, 0.7427194205629774, 0.7500561295244585, 0.753107818053592, 0.7548572792826374, 0.7504491548471905, 0.7513016712029946, 0.7538059738780423, 0.7590343840423864, 0.7588377252242536, 0.7609685589802018]
test_auc_roc -----> [0.8171336331142628]
test_auc_pr -----> [0.8035536221176711]
cm -----> [[209  72]
 [ 85 223]]
--------
