--------
epochs_index -----> 39
train_acc -----> [0.6322156190872192, 0.6880305409431458, 0.7039473652839661, 0.6956706047058105, 0.7128607630729675, 0.7075551748275757, 0.7050085067749023, 0.6997028589248657, 0.708616316318512, 0.7141340970993042, 0.7096773982048035, 0.7103140950202942, 0.7115874290466309, 0.7130730152130127, 0.7181664109230042, 0.7122241258621216, 0.7205008268356323, 0.7158319354057312, 0.7177419066429138, 0.7096773982048035, 0.7183786034584045, 0.7160441279411316, 0.7183786034584045, 0.7207130789756775, 0.715619683265686, 0.7209252715110779, 0.7168930172920227, 0.7164685726165771, 0.7213497161865234, 0.7260186672210693, 0.7317487001419067, 0.7177419066429138, 0.7111629843711853, 0.721137523651123, 0.7188030481338501, 0.7253820300102234, 0.7226231098175049, 0.7245330810546875, 0.7287775874137878, 0.7251697778701782]
test_acc -----> [0.7028862237930298]
val_acc -----> [0.6502546668052673, 0.6672325730323792, 0.7113752365112305, 0.7011884450912476, 0.685908317565918, 0.6740237474441528, 0.7096773982048035, 0.7028862237930298, 0.6960950493812561, 0.7079796195030212, 0.6977928876876831, 0.7300509214401245, 0.7368420958518982, 0.7130730152130127, 0.7113752365112305, 0.7079796195030212, 0.6994906663894653, 0.7164685726165771, 0.7113752365112305, 0.7079796195030212, 0.7164685726165771, 0.706281840801239, 0.7113752365112305, 0.6994906663894653, 0.7198641896247864, 0.7045840620994568, 0.706281840801239, 0.7283531427383423, 0.7198641896247864, 0.7317487001419067, 0.7317487001419067, 0.7266553640365601, 0.7266553640365601, 0.6977928876876831, 0.6994906663894653, 0.7079796195030212, 0.7079796195030212, 0.7249575257301331, 0.7164685726165771, 0.7147707939147949]
train_f1_score -----> [0.6322083095284399, 0.68794937664923, 0.703922706917719, 0.6956486908601447, 0.7128592111426242, 0.7074337348376452, 0.7049574031810883, 0.6996619622328173, 0.7085920261562322, 0.7140692023462044, 0.7096497431960451, 0.7103083327552191, 0.711579312454905, 0.7130295207815525, 0.718148048056755, 0.7121942380463451, 0.720481695652238, 0.7158036384353905, 0.7177411168694459, 0.7096057932811611, 0.7183146484137721, 0.7160146684483353, 0.7183706751048767, 0.7206985261245142, 0.7155850517356972, 0.7208753957764739, 0.7168305409686883, 0.7164644482912829, 0.7212967058576475, 0.7260151044512358, 0.7317274076843648, 0.7177319634182208, 0.7111045741229817, 0.7211375162193501, 0.7187857117763599, 0.7253622073029871, 0.7226040821316903, 0.7245020815323338, 0.7287580377535976, 0.7251206368292521]
test_f1_score -----> [0.696717809513087]
val_f1_score -----> [0.6353708330461479, 0.66715487907468, 0.7068725213426978, 0.6989312217788164, 0.6703394731247685, 0.6680521261065314, 0.7096740668721917, 0.7028828170922153, 0.693889159725819, 0.7039162915148445, 0.696595586977721, 0.7299730934911729, 0.736596099388594, 0.7102635029716884, 0.7111878944641004, 0.7001799321356388, 0.6965481660737234, 0.7159150262502196, 0.7093637474798028, 0.7017686352800948, 0.7159970499443662, 0.7047807179759393, 0.7093637474769185, 0.6965481660702808, 0.719317241444547, 0.7045763716941478, 0.704318122091501, 0.7282207406407003, 0.7198512510834965, 0.7317417623398446, 0.7313390559304402, 0.725630374739993, 0.7255128366627894, 0.6870761651721846, 0.6923065522538714, 0.7059444975089463, 0.7057736939005467, 0.7239829164049596, 0.7121675390986227, 0.7092725300362653]
train_loss -----> [0.6371058547942067, 0.5883389568693163, 0.571952861415915, 0.5716659575447777, 0.5672159922547976, 0.5669429144855271, 0.5664061731666791, 0.5681940411772506, 0.5621041321592547, 0.5557002013324679, 0.5637724744646171, 0.5560270528639517, 0.5581058359156236, 0.5549154526005378, 0.5537874607562211, 0.5562200528555289, 0.5454351497475681, 0.554565217504072, 0.5530494006511922, 0.5530749974813449, 0.5521141943634055, 0.5504260423936341, 0.5463142588557539, 0.5460865152256597, 0.5493484656302748, 0.5525970751694801, 0.5550288333097422, 0.5464867495367199, 0.5472616869545143, 0.53917004157914, 0.5368349101071858, 0.5472388358593795, 0.5545773036360538, 0.5438512270995025, 0.5516590629095538, 0.5413497083002932, 0.5472562947833884, 0.5451876526170355, 0.5374619746501657, 0.5404637688185849]
val_loss -----> [2.450737781621314, 1.0430123681152188, 0.9274783150569815, 1.1074516785305903, 1.4447302471947026, 0.6920872636743495, 0.5764952187199852, 0.563987663670166, 0.9132948602373532, 0.7662568241357803, 0.5672001601070972, 0.5592781581185959, 0.5898097358845376, 0.853786293517899, 0.5952437673066113, 0.6124072348749316, 0.5865355625345899, 0.6088854958479468, 0.6222174044799158, 0.7907900393411922, 0.7054349463936445, 0.5963994953277947, 0.5510544656096275, 0.5959237741457448, 0.6824119175608094, 0.7998349267888715, 0.7481485548857097, 0.6365748432439726, 0.731832331902272, 0.6445423527746588, 0.5636366799071029, 0.5627519353418736, 0.6754831895232202, 0.6172881863407188, 1.097476491553558, 1.0371529516336082, 0.9999646931081203, 0.667415594531072, 0.6243067085742953, 0.5795558962870286]
test_loss -----> [0.5754482222569955]
val_auc_roc -----> [0.684169260924709, 0.7202236826934163, 0.7421884007840425, 0.7405107805834198, 0.7290845151619969, 0.7517583304508244, 0.7751527729735963, 0.7801913985933356, 0.7355125100887813, 0.7685864176178946, 0.7826011760636459, 0.7881355932203391, 0.7859794765363772, 0.7668684422921712, 0.7739190591490833, 0.7819209039548022, 0.7865905684307621, 0.7848725931050387, 0.7882508935777701, 0.7620431223336792, 0.7815519428110227, 0.7760405857258157, 0.7982013144240746, 0.7826818863138476, 0.7845728121757177, 0.7619624120834774, 0.7678312002767207, 0.7931050386256198, 0.7806064798800875, 0.7980053038164417, 0.8036550213305662, 0.7989161766401476, 0.7915484838002999, 0.7866712786809639, 0.7634036665513664, 0.7572927476075175, 0.7529920442753373, 0.7974057419578001, 0.7870171797532572, 0.7989046466044044]
val_auc_pr -----> [0.6012207389396121, 0.6343798099559584, 0.6533500109933122, 0.6523514292627033, 0.6386803006892956, 0.7384344102612621, 0.7215606885669754, 0.7567847362236364, 0.6524489830844684, 0.6908159612339957, 0.7615158189321818, 0.7400875291455431, 0.7163025081875302, 0.6812696793008994, 0.7002520377126839, 0.714486258839561, 0.7689097159971636, 0.7754782541979723, 0.773776709318656, 0.6746335460029882, 0.7762892554899621, 0.7439779282164705, 0.7664877377593187, 0.7657092524313394, 0.781674662779759, 0.7613839516077002, 0.7589353979881885, 0.7813971548890053, 0.7748158612829947, 0.790150642567714, 0.7850460779590509, 0.7833841343316299, 0.7840795835364346, 0.7467229016384485, 0.7720068449109883, 0.7635952650681757, 0.7627543064190109, 0.7948374215028168, 0.7602718007785385, 0.7791229222848322]
test_auc_roc -----> [0.8053384065490604]
test_auc_pr -----> [0.7960916071935111]
cm -----> [[165  45]
 [130 249]]
--------
