--------
epochs_index -----> 29
train_acc -----> [0.734375, 0.804347813129425, 0.8562046885490417, 0.8815670013427734, 0.9073822498321533, 0.9273098111152649, 0.9390851259231567, 0.9472373127937317, 0.9567481875419617, 0.9617300629615784, 0.9660326242446899, 0.9719203114509583, 0.9671648740768433, 0.9771286249160767, 0.9759963750839233, 0.9789401888847351, 0.9766757488250732, 0.9773550629615784, 0.9807518124580383, 0.9787137508392334, 0.9836956262588501, 0.985733687877655, 0.9793931245803833, 0.9816576242446899, 0.9868659377098083, 0.9821105003356934, 0.9836956262588501, 0.9870923757553101, 0.9861866235733032, 0.9879981875419617]
test_acc -----> [0.8590831756591797]
val_acc -----> [0.7533936500549316, 0.7635746598243713, 0.8167420625686646, 0.8348416090011597, 0.8382353186607361, 0.848416268825531, 0.8518099784851074, 0.8495475053787231, 0.848416268825531, 0.8676470518112183, 0.8755655884742737, 0.8755655884742737, 0.831447958946228, 0.8744344115257263, 0.8676470518112183, 0.8789592981338501, 0.8653846383094788, 0.8597285151481628, 0.872171938419342, 0.8631221652030945, 0.8631221652030945, 0.8733031749725342, 0.8619909286499023, 0.8710407018661499, 0.8846153616905212, 0.8699095249176025, 0.8789592981338501, 0.8585972785949707, 0.8744344115257263, 0.8653846383094788]
train_f1_score -----> [0.7342520080396022, 0.8043014179450856, 0.8561675246182858, 0.8815381026222925, 0.9073717488237965, 0.9273081337392299, 0.9390848869050288, 0.947236120625707, 0.9567475424127405, 0.9617292019977131, 0.9660324922142444, 0.9719200775025589, 0.9671646463316119, 0.9771286076285295, 0.9759963521129531, 0.9789401853885895, 0.9766757088687881, 0.9773549931413255, 0.9807517582250369, 0.9787136932525751, 0.983695647169459, 0.9857336840636215, 0.9793930845199206, 0.9816575801765759, 0.9868659262484372, 0.9821104939856835, 0.9836956170707072, 0.9870923803428395, 0.986186588490091, 0.9879981089321446]
test_f1_score -----> [0.8590425558319168]
val_f1_score -----> [0.7513573163023066, 0.7599246287886084, 0.8153774702667573, 0.833336771886901, 0.8381886997317725, 0.8474039977352552, 0.850555231539589, 0.8480760061277453, 0.848304471984797, 0.8673331513133219, 0.875422129976908, 0.8751976457743305, 0.8300208365575157, 0.8742372401116288, 0.8675980886036825, 0.8788462498216161, 0.8650348730006057, 0.8589893950276861, 0.8721442902275238, 0.8628552329267298, 0.8631219917685217, 0.8732869474071752, 0.8611694627976503, 0.8710083660743948, 0.8844237029456372, 0.8696009606069273, 0.8789591161067369, 0.8572142911743177, 0.8742140249625769, 0.8653830599868066]
train_loss -----> [0.5392560543816378, 0.4208767116272254, 0.3359173869653404, 0.27628794387556527, 0.22107299575514663, 0.1726101181112176, 0.14896729805564127, 0.1322455401790435, 0.11284876641768309, 0.0978766141636737, 0.09866660931194035, 0.07684979845886857, 0.09164929246422497, 0.06223607184559751, 0.06571716847256184, 0.06148457000456115, 0.06305239155906937, 0.053210609449666026, 0.05449364621006881, 0.05854206915688321, 0.05066631800004183, 0.043856494936693205, 0.056917402330420606, 0.04395545742715337, 0.043921824095655565, 0.05616281436392632, 0.04936017027342191, 0.04152100722442153, 0.04389569421206932, 0.03094755419914716]
val_loss -----> [0.493064451862026, 0.46011456417607843, 0.41983435833239324, 0.42483630724385507, 0.3787982966331346, 0.4069471681775812, 0.45259143434347465, 0.48298458867026745, 0.41077129816351193, 0.4598470586000708, 0.45180215189959194, 0.458131021097919, 0.6646112235439187, 0.4342956521720331, 0.45429514268943355, 0.48640576451030954, 0.5229109732501276, 0.5057550891137867, 0.5202390771801793, 0.6525537700052498, 0.5505969335664872, 0.4675577870509293, 0.5707598745399192, 0.5159038502790103, 0.508482555091669, 0.6069675825570596, 0.500936219451408, 0.7380131941366505, 0.601441699404613, 0.626566003000171]
test_loss -----> [0.6671891814511881]
val_auc_roc -----> [0.8545381953686452, 0.8881677279334985, 0.8988247578878402, 0.9048084601052394, 0.9205943776744948, 0.9229540754693801, 0.9231281095800659, 0.9241748735693371, 0.918731188960095, 0.9269773346164083, 0.9352413955488216, 0.9331657828463791, 0.9280061833295796, 0.9388321287442927, 0.9369433467783215, 0.9332451219262504, 0.9339924448721361, 0.9352055649966217, 0.9317325607583792, 0.9246509080485658, 0.9307344239470936, 0.9411918265391781, 0.9353181753035359, 0.9378186359820643, 0.9421464548227924, 0.9352567514997646, 0.9383970434675785, 0.9358428369607502, 0.933488257816179, 0.9346501914375218]
val_auc_pr -----> [0.8359361025586087, 0.8697316672437563, 0.8829128766524416, 0.8780406123060027, 0.9054749461822911, 0.9163260237604722, 0.909712229077615, 0.9102669451506284, 0.9045396359386345, 0.9129925468021115, 0.9280708870500877, 0.9186128467448988, 0.9147825389298637, 0.9324866160738221, 0.9251998450900746, 0.9138134734120895, 0.9254911547172482, 0.9238344939733831, 0.911447036028771, 0.9186064214436803, 0.9190028167526325, 0.9327404646747257, 0.922415919383119, 0.9361020590639808, 0.9289555752490604, 0.9103911059127162, 0.9325172949706834, 0.9172607429506843, 0.9244047546357417, 0.932563230916493]
test_auc_roc -----> [0.9337714746915715]
test_auc_pr -----> [0.9248791917887369]
cm -----> [[248  37]
 [ 46 258]]
--------
