--------
epochs_index -----> 39
train_acc -----> [0.678056001663208, 0.6994906663894653, 0.7120118737220764, 0.729626476764679, 0.7550933957099915, 0.7654923796653748, 0.770373523235321, 0.7637945413589478, 0.7822580933570862, 0.7869269847869873, 0.7909592390060425, 0.8049660325050354, 0.8064516186714172, 0.8089982867240906, 0.8189728260040283, 0.810908317565918, 0.8227928876876831, 0.8136672377586365, 0.819609522819519, 0.8236417770385742, 0.840619683265686, 0.8418930172920227, 0.8355262875556946, 0.8505942225456238, 0.8471986651420593, 0.8527164459228516, 0.8558998107910156, 0.8571732044219971, 0.8571732044219971, 0.8609932065010071, 0.8686332702636719, 0.8605687618255615, 0.8679966330528259, 0.8690577149391174, 0.8769100308418274, 0.8754244446754456, 0.8847622871398926, 0.8873090147972107, 0.8832767605781555, 0.8839133977890015]
test_acc -----> [0.8370118737220764]
val_acc -----> [0.7249575257301331, 0.7266553640365601, 0.7334465384483337, 0.7691001892089844, 0.7775891423225403, 0.7402377128601074, 0.7758913636207581, 0.7775891423225403, 0.7691001892089844, 0.7996604442596436, 0.7860780954360962, 0.7860780954360962, 0.784380316734314, 0.7945670485496521, 0.7792869210243225, 0.803056001663208, 0.7996604442596436, 0.8115450143814087, 0.8166383504867554, 0.8149405717849731, 0.8115450143814087, 0.8132427930831909, 0.8166383504867554, 0.7877758741378784, 0.7962648272514343, 0.8115450143814087, 0.825127363204956, 0.8302206993103027, 0.8268251419067383, 0.831918478012085, 0.8217317461967468, 0.8370118737220764, 0.833616316318512, 0.8183361887931824, 0.8471986651420593, 0.8370118737220764, 0.8353140950202942, 0.8353140950202942, 0.803056001663208, 0.8387096524238586]
train_f1_score -----> [0.6779561002615245, 0.6993606139957063, 0.7118688063447112, 0.7295701606681398, 0.7550191829501327, 0.7654230371218042, 0.7702528150259654, 0.7636772146213957, 0.7821436117713032, 0.7868592546953616, 0.790821311979437, 0.804913944013136, 0.8063217734699764, 0.8089087544288823, 0.8188151632896714, 0.8108281483325215, 0.8227048273300774, 0.8135728844765369, 0.8195345950441609, 0.8235438405235833, 0.8405279764145097, 0.8418366085489162, 0.835450709676069, 0.850548962344597, 0.8471212711080136, 0.8526500985630829, 0.8558282359004168, 0.8570850571162255, 0.8570938674875327, 0.8609074477282421, 0.8685629385587481, 0.860533422480456, 0.8679322635941766, 0.8689741518967082, 0.8768500203770845, 0.875342241768075, 0.8847072148563031, 0.8872508539427479, 0.8832360099922288, 0.8838557354599347]
test_f1_score -----> [0.8362941467007543]
val_f1_score -----> [0.7221698063460478, 0.726453487544364, 0.7308365083237998, 0.7690462410825206, 0.7775788710351257, 0.7297557416765499, 0.7741984150877793, 0.7770853686961836, 0.7679758958222466, 0.7989505179945462, 0.7847072288691079, 0.7848220862987199, 0.7779805899909431, 0.794481751262635, 0.7745925719790745, 0.8029600355809433, 0.7990295816097159, 0.8113274469935423, 0.8159119272060771, 0.8147675780783661, 0.8109870807391952, 0.8131991646192515, 0.8158309156649758, 0.7841826739824078, 0.7930864842003594, 0.8092933662889166, 0.8246096331151778, 0.8301967246021029, 0.8255169559782037, 0.831356552188782, 0.8201055842691645, 0.8369324423712121, 0.8334429774335996, 0.8174077253943463, 0.847039468661207, 0.836668664391796, 0.8350840073682453, 0.835220991441007, 0.7990659653420371, 0.837885363106337]
train_loss -----> [0.6131286947704947, 0.5692889239063492, 0.548085221081517, 0.5295339551689464, 0.508051853000814, 0.4947745730382576, 0.4855642989182966, 0.4823564358548924, 0.4609896564422924, 0.4509822763312854, 0.4470888575086772, 0.43157111392917774, 0.42691595673384, 0.4171143077718685, 0.3959398354531749, 0.41445265915908885, 0.39110118537154587, 0.39819748669622357, 0.38474837670668754, 0.38734425576830633, 0.3635610062107193, 0.36596014510985636, 0.3637771101285829, 0.34574384281193604, 0.3445771013557315, 0.33864429386266204, 0.3354500122795263, 0.3358148939382598, 0.3274963780611452, 0.31349393204866516, 0.30926601802345166, 0.3143699498806014, 0.3040312044875912, 0.30055040911763825, 0.29486791264417567, 0.2906611615172092, 0.2790655652278521, 0.2733662039419424, 0.2710060085998518, 0.2728311527806612]
val_loss -----> [0.5523027207803081, 0.5262017946791002, 0.5308750956445129, 0.4999013945863055, 0.48718151107833196, 0.5335681674045485, 0.48118853689850977, 0.4976384374942326, 0.497803851861406, 0.4599502959565538, 0.5044149053660598, 0.4915329401658194, 0.5304325836131702, 0.4439785369747395, 0.5466085547530977, 0.44739293659458285, 0.4445110104373984, 0.46221043637676823, 0.44304192539405185, 0.4331394929338146, 0.45729619415627926, 0.47830335881460373, 0.509416149526432, 0.4934574942532424, 0.5282602747147149, 0.441597307553968, 0.5170329211128722, 0.42574833967798464, 0.4782492147909627, 0.43777797426524995, 0.4659824189100716, 0.47536383166506474, 0.5019319169726724, 0.5271970898517079, 0.44488058158674754, 0.4637942352407686, 0.44716204886601585, 0.5019520183874144, 0.6363595611340289, 0.4280597702977625]
test_loss -----> [0.4992988910777745]
val_auc_roc -----> [0.8158076790038049, 0.8177331949729043, 0.8387063299896229, 0.8502940159114494, 0.856093623890234, 0.846719704831085, 0.8598178254352589, 0.8592297936123602, 0.8408739767093278, 0.8713363311426265, 0.8778162112302548, 0.8814481724893346, 0.8811022714170413, 0.880975441023867, 0.8620892424766518, 0.8830854375648565, 0.8809293208808947, 0.896783120027672, 0.8904646604404474, 0.8920442753372535, 0.8912025827280063, 0.9008647526807333, 0.8973596218148276, 0.8897382681886314, 0.8924478265882625, 0.90707944194627, 0.9002882508935778, 0.9034359506514471, 0.9094892194165802, 0.9102617318113686, 0.9006110918943848, 0.9150236365732733, 0.9008647526807333, 0.9041681079211346, 0.9138821630347053, 0.912902109996541, 0.9131211806756602, 0.9082555055920674, 0.9038856220454284, 0.9132595411045775]
val_auc_pr -----> [0.8190114829989635, 0.8150384707288046, 0.8404252994072279, 0.8361566015559133, 0.8496031577249021, 0.8300955430893009, 0.847375698779561, 0.8464009820232405, 0.8301565390066518, 0.85495932488381, 0.8657218584103239, 0.8715603739465145, 0.8668253860994408, 0.8721787688464713, 0.84416370026504, 0.8754766279457468, 0.8703749559698126, 0.8867174951645194, 0.8807469369610608, 0.8813510468067262, 0.8808751361752795, 0.8872200123279133, 0.8817675713187683, 0.8788074528729797, 0.8811077895387168, 0.8995089346929281, 0.8931327509116386, 0.8985453517613382, 0.9050175263091289, 0.9032134616136541, 0.8916587613581548, 0.9102048360426334, 0.8902906240243321, 0.8940257010931739, 0.9014234472812377, 0.90388006065946, 0.9042760877531834, 0.9027137989432159, 0.8956816379350311, 0.9051245645421715]
test_auc_roc -----> [0.9082324455205811]
test_auc_pr -----> [0.8903092406211216]
cm -----> [[227  29]
 [ 67 266]]
--------
