--------
epochs_index -----> 29
train_acc -----> [0.5944293737411499, 0.6698369383811951, 0.6764039993286133, 0.6834239363670349, 0.6974637508392334, 0.6924818754196167, 0.7019927501678467, 0.6976901888847351, 0.7146739363670349, 0.7130887508392334, 0.71875, 0.7053894996643066, 0.7119565010070801, 0.729619562625885, 0.7135416865348816, 0.7047101259231567, 0.7167119383811951, 0.7216938138008118, 0.71263587474823, 0.7144474387168884, 0.7124094367027283, 0.71875, 0.7115036249160767, 0.7137681245803833, 0.7096920013427734, 0.7366394996643066, 0.7180706262588501, 0.7115036249160767, 0.7182971239089966, 0.7128623127937317]
test_acc -----> [0.7572156190872192]
val_acc -----> [0.6459276080131531, 0.6459276080131531, 0.6617646813392639, 0.6696832776069641, 0.6662895679473877, 0.685520350933075, 0.6821267008781433, 0.6832579374313354, 0.6911764740943909, 0.6866515874862671, 0.692307710647583, 0.6889140009880066, 0.6843891143798828, 0.6934388875961304, 0.6911764740943909, 0.6911764740943909, 0.6843891143798828, 0.7002262473106384, 0.6889140009880066, 0.7058823704719543, 0.7081447839736938, 0.692307710647583, 0.6911764740943909, 0.7058823704719543, 0.6889140009880066, 0.6968325972557068, 0.692307710647583, 0.7024886608123779, 0.6957013607025146, 0.6979637742042542]
train_f1_score -----> [0.5935873639837518, 0.6697799874194965, 0.6763381064296781, 0.6833443424685044, 0.6973323969700738, 0.6924212498931652, 0.7018689162646126, 0.6975442815338933, 0.7145656537821707, 0.7129824251839343, 0.7185753768726539, 0.7052587657604756, 0.7119134390491665, 0.7295394527541063, 0.7134304346116956, 0.7046271976770516, 0.716606956452297, 0.7215178872591936, 0.7124733102036689, 0.7143855789935243, 0.712310219324216, 0.7186114150206642, 0.7114775194120068, 0.7136595130164078, 0.7095918907352652, 0.7364961359038055, 0.7178588212649841, 0.7114572171013316, 0.7181346930113196, 0.7128387531656148]
test_f1_score -----> [0.7562008419391772]
val_f1_score -----> [0.6457276698728188, 0.6457276698728188, 0.6611050870858252, 0.669439601586227, 0.6662857443704182, 0.6850544612228548, 0.6813727892376807, 0.6828423182172286, 0.690691597863692, 0.6855211618471674, 0.6898933623368948, 0.6870071213648978, 0.6824544977482672, 0.6930111038670015, 0.6906345011444021, 0.6890560386821112, 0.6836405985312861, 0.6982799097533485, 0.6868942461587537, 0.7050126241136248, 0.7076044933855965, 0.6917380708180989, 0.6911286401885388, 0.7056277006160696, 0.6888467312040681, 0.696807743208327, 0.6921501097033858, 0.7016453013004638, 0.6956698078147256, 0.6966123540157378]
train_loss -----> [0.6638444771153341, 0.6186253667093706, 0.6039979962119162, 0.5961171790309572, 0.5871003158930427, 0.5878210993672626, 0.5792969129979613, 0.5767773387656693, 0.5636045816151988, 0.5667911725847604, 0.5641833429859173, 0.5673118357047217, 0.5654526000329555, 0.5579638748929117, 0.5627756067484188, 0.56364729700853, 0.5597843451668383, 0.5587222773743712, 0.5610125673313932, 0.5595605089396671, 0.5618890896979448, 0.5546513711628703, 0.5637343338542233, 0.5574583204976028, 0.5683900680177025, 0.5428016600131556, 0.5524041892393772, 0.5560259084230746, 0.5563351963039328, 0.5580601825014401]
val_loss -----> [0.6391744001491652, 0.6237458479297054, 0.6100265708592559, 0.6070873565501993, 0.6062059281645598, 0.6290104808034123, 0.5881704859905416, 0.5876770341718517, 0.5849032820882022, 0.8478671191511925, 0.8409332184641214, 0.5798826083406674, 0.6070849847149202, 0.5835573042298224, 0.583260305561461, 0.5793059865633646, 0.5864626649800718, 1.3478676706284023, 0.5852343673641619, 0.5764078456270804, 0.5748846855786469, 0.5771581927935283, 0.5791530880305142, 0.5760204638983752, 0.5736752147073148, 0.57334443577775, 0.9806213309099004, 0.6019202148592152, 0.6261832955721266, 0.5772532592485615]
test_loss -----> [0.5276615720342944]
val_auc_roc -----> [0.6978179193710203, 0.7137369218484468, 0.7268662599045883, 0.7291133473925595, 0.7372468827419586, 0.7439471960033578, 0.7530276816608996, 0.7504478819025, 0.7543534120922996, 0.7500793390798715, 0.7475251325730432, 0.7625330152945271, 0.7515125611678712, 0.7535344280420138, 0.7537442927048995, 0.7587810446141561, 0.7515381544194426, 0.7583920271902705, 0.7549113449765567, 0.7619494891586985, 0.7636232878114697, 0.7609923015499273, 0.7572812800720706, 0.7603985381134705, 0.7617600990970701, 0.7645344075674125, 0.7502533731905572, 0.7619392518580701, 0.7564622960217848, 0.7598150119776418]
val_auc_pr -----> [0.6677929920100873, 0.682190830109628, 0.6952710843264492, 0.7078667913711861, 0.7101719067749025, 0.713952527307956, 0.7167680157517526, 0.7238554248506115, 0.7311801507181649, 0.7105289857108349, 0.7130462728513465, 0.7321597183009696, 0.7158759794537553, 0.7240116588838738, 0.7267111608325818, 0.7296569754098888, 0.7244406549778524, 0.7226304338015574, 0.724740057599244, 0.7291268673777711, 0.7299965760967462, 0.7272717989976649, 0.7225765588671007, 0.7317031949551898, 0.7360714457904085, 0.7306415056931499, 0.7108298129971671, 0.7241128290562463, 0.7209232922048249, 0.7323575407387112]
test_auc_roc -----> [0.8192436296552519]
test_auc_pr -----> [0.7839264280597265]
cm -----> [[204  53]
 [ 90 242]]
--------
