--------
epochs_index -----> 39
train_acc -----> [0.6837860941886902, 0.7228353023529053, 0.7345076203346252, 0.7340831756591797, 0.740662157535553, 0.75, 0.7595500946044922, 0.7589133977890015, 0.7667657136917114, 0.7699490785598755, 0.776528000831604, 0.7943548560142517, 0.7858659029006958, 0.7922325730323792, 0.7833191752433777, 0.7994481921195984, 0.7975382208824158, 0.8032682538032532, 0.8066638112068176, 0.8026315569877625, 0.8128183484077454, 0.8157894611358643, 0.8215195536613464, 0.8240662217140198, 0.8210950493812561, 0.8191850781440735, 0.8200339674949646, 0.8244906663894653, 0.8208828568458557, 0.8264006972312927, 0.8340407609939575, 0.8340407609939575, 0.8338285088539124, 0.8372241258621216, 0.8355262875556946, 0.8321307301521301, 0.8357385396957397, 0.835101842880249, 0.8353140950202942, 0.8380730152130127]
test_acc -----> [0.8217317461967468]
val_acc -----> [0.7232597470283508, 0.7011884450912476, 0.7724957466125488, 0.7606111764907837, 0.7691001892089844, 0.784380316734314, 0.7911714911460876, 0.7826825380325317, 0.7979626655578613, 0.7928692698478699, 0.7826825380325317, 0.7674023509025574, 0.804753839969635, 0.7996604442596436, 0.8302206993103027, 0.8081493973731995, 0.804753839969635, 0.8268251419067383, 0.8268251419067383, 0.7894737124443054, 0.8098471760749817, 0.8098471760749817, 0.8200339674949646, 0.8081493973731995, 0.8149405717849731, 0.8387096524238586, 0.8183361887931824, 0.8488964438438416, 0.8387096524238586, 0.833616316318512, 0.8285229206085205, 0.8421052694320679, 0.8200339674949646, 0.8438030481338501, 0.8455008268356323, 0.8488964438438416, 0.8421052694320679, 0.8387096524238586, 0.8471986651420593, 0.8471986651420593]
train_f1_score -----> [0.6837445380226554, 0.7228065447185401, 0.7344252340780822, 0.7340520319412237, 0.7404765645048004, 0.7498827934530572, 0.7595070893567566, 0.7587569463349142, 0.76666269797888, 0.7698369389821903, 0.7764586494753697, 0.7942781059119156, 0.7856951335059382, 0.7921408377807817, 0.78319887138972, 0.7992930828306448, 0.797411147001962, 0.8031667487487504, 0.8065232837192132, 0.8025200036518122, 0.8126886141402507, 0.8157192188775357, 0.821345644395353, 0.8238901144623463, 0.8210095462696494, 0.8190556719376794, 0.819870362917085, 0.8243709842117846, 0.8207666032098382, 0.8262990020993946, 0.8339952537866864, 0.8339104014276467, 0.8336666340922687, 0.8371432361940715, 0.8354248436481322, 0.8320341272222793, 0.8355892223205736, 0.834954076860603, 0.8351767819100886, 0.8379731040561431]
test_f1_score -----> [0.8209866308628972]
val_f1_score -----> [0.7177899814708257, 0.6813397553416949, 0.7712767140610749, 0.7581010141886577, 0.7690462410825206, 0.7840217074367433, 0.791053423486002, 0.7804798459468809, 0.797813446003276, 0.791957146123234, 0.7822248875299467, 0.7607799143068834, 0.8044291046830658, 0.7973418971037916, 0.8301810582872249, 0.8077148593287247, 0.8041758045502733, 0.826644731818697, 0.8266807399741689, 0.7867138535561982, 0.8084107756783885, 0.8089213250850416, 0.8200209810895494, 0.806270861281541, 0.8149213666088199, 0.8387022333368508, 0.8174077253918878, 0.8487848449015745, 0.8386799120566715, 0.833508313501407, 0.8283249738395357, 0.8421034375816119, 0.8172263937948631, 0.8434741364979607, 0.8455008438677393, 0.8488807479591808, 0.8414453010464165, 0.8375389371734646, 0.8471241644085181, 0.8471241644085181]
train_loss -----> [0.5947159878239159, 0.543559523637711, 0.5246131095295246, 0.5189248644865431, 0.5127522046527558, 0.4931764496278477, 0.4864696398478614, 0.48943859925699157, 0.47664931009196276, 0.46547852134006323, 0.46178954018751067, 0.4468182613772731, 0.448340011137602, 0.4420122356108169, 0.43524485658885875, 0.4268950017798431, 0.42800203719016666, 0.4230142445928068, 0.41751163462983343, 0.41349586626872137, 0.40780174851746437, 0.40345920548348946, 0.40216428863678416, 0.3966766029710174, 0.39581321814241355, 0.39664656820063443, 0.3896590442489994, 0.3752683577221044, 0.3861432077018433, 0.37921766024430803, 0.36829506714649635, 0.36997301484092865, 0.368171931736184, 0.3582760593007952, 0.36215087141468505, 0.3575101101419973, 0.36236032880273455, 0.3623108865727995, 0.36164016611810834, 0.35063127435566693]
val_loss -----> [0.5187059812046385, 0.562553877766068, 0.4676104103391236, 0.469388069937358, 0.4563004132863638, 0.4487063844461699, 0.44314654916524876, 0.46907733149222436, 0.4257541009904565, 0.4184849509919012, 0.42160525172948854, 0.4821582503012708, 0.4174986738409545, 0.40317150688654674, 0.38668809881484173, 0.40363565490052483, 0.41017466350584425, 0.37413849882982875, 0.3926582384753872, 0.44465510990168583, 0.3937795481367691, 0.3908151245197736, 0.38063126475223, 0.4262420599525039, 0.38512872683035365, 0.3676631130479477, 0.3609421639829069, 0.36958515628970956, 0.3606503206129009, 0.3448184644048278, 0.3654729375565374, 0.3324197837831201, 0.42001731864906655, 0.3486336376014595, 0.35105421877390613, 0.35829275846481323, 0.344109944596484, 0.34873276475716286, 0.33887007731843644, 0.3492230486527488]
test_loss -----> [0.40959881618618965]
val_auc_roc -----> [0.8442292171105731, 0.8512971290211, 0.8684077020638765, 0.8587455321111495, 0.8629424651216419, 0.8756716245820362, 0.8804219993081979, 0.8767208578346593, 0.8895076674737691, 0.891052692263346, 0.8913178830854375, 0.886579038395019, 0.8888158653291824, 0.9026519082209156, 0.9060532687651331, 0.893243399054537, 0.8963219185979475, 0.9097774703101579, 0.9050270955839964, 0.9001383604289174, 0.9058341980860141, 0.9026173181136862, 0.9072985126253892, 0.8958607171682232, 0.9042084630462355, 0.9146085552865214, 0.918413467081748, 0.9155078980744841, 0.917687074829932, 0.9227602905569007, 0.9193935201199124, 0.930485414504785, 0.9104462123832584, 0.9242822552749914, 0.9240516545601292, 0.9222990891271763, 0.9271417041392829, 0.9285253084284562, 0.9275913755332642, 0.9215265767323878]
val_auc_pr -----> [0.8291086004009582, 0.8409721128100551, 0.8531641385134241, 0.8534723354897127, 0.8522620911033271, 0.8646743443544426, 0.868923905031339, 0.8663710359046638, 0.8712683517971923, 0.8843435506401995, 0.8801882376737779, 0.8740048184323781, 0.8774741298101228, 0.8918250772157822, 0.8952356197248478, 0.8870652683403876, 0.8818486312665752, 0.9016892480216274, 0.8929756789323043, 0.8886905934952547, 0.8911753410689599, 0.8900062922057012, 0.8974167226432548, 0.8719930225575769, 0.8925216024027292, 0.9094772366005146, 0.9165591270851761, 0.9081268582639244, 0.9147222299952574, 0.9196169871773904, 0.9151404002700284, 0.9308268793675486, 0.8947759126298879, 0.9228054557386057, 0.9229756763869045, 0.9190519594210284, 0.9190602330079422, 0.9265102033619276, 0.9235323938841451, 0.9139077634175268]
test_auc_roc -----> [0.9023175371843651]
test_auc_pr -----> [0.8854947079501284]
cm -----> [[223  33]
 [ 72 261]]
--------
