--------
epochs_index -----> 39
train_acc -----> [0.6791171431541443, 0.7387521266937256, 0.7544566988945007, 0.755517840385437, 0.7697368264198303, 0.7720713019371033, 0.7775891423225403, 0.7771646976470947, 0.7773768901824951, 0.7865025401115417, 0.7860780954360962, 0.7850169539451599, 0.7860780954360962, 0.7892614603042603, 0.7918081283569336, 0.7971137762069702, 0.7975382208824158, 0.7852292060852051, 0.796901524066925, 0.7979626655578613, 0.7924448251724243, 0.8036926984786987, 0.7973259687423706, 0.8022071123123169, 0.7981748580932617, 0.799235999584198, 0.7994481921195984, 0.8045415878295898, 0.8039049506187439, 0.8009337782859802, 0.8039049506187439, 0.801570475101471, 0.805390477180481, 0.808573842048645, 0.8098471760749817, 0.8041171431541443, 0.8049660325050354, 0.8119694590568542, 0.8070882558822632, 0.8104838728904724]
test_acc -----> [0.7826825380325317]
val_acc -----> [0.7198641896247864, 0.7419354915618896, 0.7538200616836548, 0.7589133977890015, 0.7606111764907837, 0.7758913636207581, 0.7640067934989929, 0.7657045722007751, 0.7724957466125488, 0.7775891423225403, 0.7792869210243225, 0.7877758741378784, 0.7877758741378784, 0.7758913636207581, 0.7792869210243225, 0.7809846997261047, 0.7894737124443054, 0.7928692698478699, 0.7928692698478699, 0.8064516186714172, 0.7911714911460876, 0.7996604442596436, 0.7996604442596436, 0.7979626655578613, 0.7911714911460876, 0.803056001663208, 0.7945670485496521, 0.7945670485496521, 0.804753839969635, 0.7962648272514343, 0.7877758741378784, 0.7996604442596436, 0.8013582229614258, 0.7962648272514343, 0.7962648272514343, 0.8013582229614258, 0.7979626655578613, 0.7979626655578613, 0.7979626655578613, 0.7979626655578613]
train_f1_score -----> [0.6790838412290966, 0.738719061345517, 0.7544040378873267, 0.7555091886970422, 0.7696653702192424, 0.7720391045248631, 0.7775506164191547, 0.777064272726147, 0.7772532969910455, 0.7864606473598563, 0.7859855203861744, 0.7849624942979636, 0.7860410507160045, 0.7892051651526215, 0.7917553867188618, 0.7970609534048644, 0.7974798188841539, 0.7851542625878012, 0.7968554006637749, 0.7979229980282376, 0.7923723998426724, 0.803595168539497, 0.7972746118108415, 0.8021529121222799, 0.7981547858182244, 0.7992076277840481, 0.7993918235952602, 0.8044686638852014, 0.8038687362943563, 0.8008674482370879, 0.8038301365472049, 0.8015088667323389, 0.8053411715606582, 0.8085158594110328, 0.8098142667471842, 0.8040798610474671, 0.8049025530095109, 0.8118945753078777, 0.8070284061279424, 0.8104561296423849]
test_f1_score -----> [0.7809085364183828]
val_f1_score -----> [0.7193982828175947, 0.7418454390368587, 0.7537944801787932, 0.7588793510488622, 0.7605670298047933, 0.7758389985502292, 0.7628006914957046, 0.7650537584297139, 0.7723481039827538, 0.7774967724439708, 0.7792862857610978, 0.7876877597351692, 0.7877734393419178, 0.7750971902160413, 0.7788221514760811, 0.780731898673994, 0.7894439397145367, 0.7928638912926627, 0.7928686678660211, 0.8063572762600453, 0.7910172594833795, 0.7996598589184827, 0.7996136496853921, 0.7979043894605624, 0.7911690642319058, 0.8028508721714827, 0.7945457377991569, 0.7945646891218939, 0.8044291046844565, 0.7960949890924287, 0.7877734393418024, 0.7996598589184251, 0.801300954259003, 0.796217270951278, 0.7961937666013328, 0.8010807109547593, 0.7979043894605624, 0.7977737783634246, 0.7978484339407428, 0.7976266389352187]
train_loss -----> [0.5999165227690455, 0.53136297316624, 0.5082949753376345, 0.4975660161980144, 0.4848609935422706, 0.4837936413409549, 0.4743433903858495, 0.4734919491035829, 0.4664375684990947, 0.4613356124008857, 0.46105848259098065, 0.45804091994547863, 0.4598929475240271, 0.4514812450659903, 0.4506468077036845, 0.4474567289263367, 0.4463186312232845, 0.4500084825252233, 0.43934663118247513, 0.44176645116510516, 0.44023699637230496, 0.43287567462904925, 0.4378133964533512, 0.4390059296794374, 0.43649326965642926, 0.440909560358686, 0.4343433138014704, 0.4268884656157074, 0.4333791295872879, 0.43149047213367747, 0.42773863128014844, 0.4292286079383264, 0.42581878539257045, 0.4210993102443337, 0.42304602283067294, 0.4265765272245342, 0.4224452527021714, 0.4210461601488455, 0.4217214560569446, 0.4172040367774124]
val_loss -----> [0.563501103907018, 0.528524932426375, 0.5125722134032767, 0.500967002800993, 0.4938200287319519, 0.4900288491232975, 0.4924743699060905, 0.4906070643180126, 0.48295317892287226, 0.47849243093986776, 0.4761349007084564, 0.4714708799445951, 0.46961384548528773, 0.4763132758639954, 0.472248132365781, 0.47025074225825253, 0.46596601585278646, 0.46632010066831453, 0.4636618539288238, 0.4613344971392605, 0.46392628067248576, 0.4593114123956576, 0.4596381557954325, 0.4629695490002631, 0.46083015243749365, 0.4595315742331583, 0.4585480593346261, 0.45829065204472147, 0.4595811759700647, 0.46253173899006195, 0.4581387341022492, 0.4575293090295146, 0.4577842030573535, 0.4605793820039646, 0.4616225373906059, 0.46112093329429615, 0.45557812520781077, 0.45697416204053015, 0.45772484508720607, 0.4600550236331451]
test_loss -----> [0.4626087116429935]
val_auc_roc -----> [0.7838925400668741, 0.8130289403897152, 0.8262308313155771, 0.8367808140205234, 0.8421076905338406, 0.8451170298627926, 0.8472616165110112, 0.846419923901764, 0.850582266805027, 0.8515738498789347, 0.8529113340251354, 0.8567393058918482, 0.8568546062492793, 0.8564395249625274, 0.8582382105384526, 0.8574656981436644, 0.8598408855067451, 0.8590914331834428, 0.8613974403320651, 0.8632076559437334, 0.861501210653753, 0.8640493485529805, 0.8645105499827049, 0.8624582036204311, 0.8629194050501557, 0.865248472270264, 0.8645451400899343, 0.8646835005188516, 0.8654560129136399, 0.8623313732272571, 0.8648218609477689, 0.8647757408047965, 0.8652138821630347, 0.8645797301971636, 0.862953995157385, 0.8644990199469618, 0.866389945808832, 0.8663438256658595, 0.8652715323417501, 0.8661708751297128]
val_auc_pr -----> [0.7822146398978497, 0.8062183665535578, 0.8182495251657904, 0.8268167025228076, 0.8321826784891697, 0.8335690645038143, 0.8333790484829572, 0.8331069357424004, 0.8365670510844512, 0.8350444952300929, 0.8378388130754845, 0.8400900479046758, 0.8391344493781056, 0.8374725500317872, 0.8385632682915926, 0.8369908914376154, 0.8387328519829909, 0.8387709716098799, 0.8405785418656748, 0.8431966414945598, 0.8426924606739934, 0.8437714417846658, 0.8436828141942837, 0.8413227596683517, 0.8421595102520144, 0.8442898604634116, 0.8439120451792255, 0.8437864261221056, 0.843830852203708, 0.8405190757562352, 0.8445620274447763, 0.8437133617747882, 0.8444660754309792, 0.8433703941206494, 0.8405605389898547, 0.8439770382894026, 0.843959062371294, 0.8443765327961699, 0.8428078452629879, 0.8447527448385408]
test_auc_roc -----> [0.8650755217341174]
test_auc_pr -----> [0.8394087113647201]
cm -----> [[204  38]
 [ 90 257]]
--------
