--------
epochs_index -----> 29
train_acc -----> [0.6761775612831116, 0.7364130616188049, 0.754755437374115, 0.7660778760910034, 0.7740036249160767, 0.7785326242446899, 0.7841938138008118, 0.786005437374115, 0.7914401888847351, 0.7948369383811951, 0.7961956262588501, 0.7964221239089966, 0.8009510636329651, 0.801630437374115, 0.8052536249160767, 0.8032155632972717, 0.8081974387168884, 0.8106883764266968, 0.8131793737411499, 0.8125, 0.8140851259231567, 0.811141312122345, 0.8143116235733032, 0.81589674949646, 0.8165760636329651, 0.8183876872062683, 0.8190670013427734, 0.8188405632972717, 0.8222373127937317, 0.8204257488250732]
test_acc -----> [0.7657045722007751]
val_acc -----> [0.7081447839736938, 0.7352941036224365, 0.7567873597145081, 0.7567873597145081, 0.7567873597145081, 0.7703620195388794, 0.7556561231613159, 0.7726244330406189, 0.7805429697036743, 0.7647058963775635, 0.779411792755127, 0.766968309879303, 0.7748869061470032, 0.7828054428100586, 0.7816742062568665, 0.7884615659713745, 0.7850678563117981, 0.7941176295280457, 0.7850678563117981, 0.790723979473114, 0.7929864525794983, 0.7929864525794983, 0.7941176295280457, 0.7918552160263062, 0.7929864525794983, 0.7929864525794983, 0.7952488660812378, 0.7952488660812378, 0.7963801026344299, 0.7986425161361694]
train_f1_score -----> [0.6754152811578202, 0.7363083247479418, 0.7546219387648848, 0.7658962749157886, 0.7738829825976341, 0.7783796825961453, 0.7840262822793547, 0.7857870432673775, 0.7912937085119913, 0.7946952884172088, 0.7959726311871094, 0.79624278937034, 0.8007757639114651, 0.8014421052783534, 0.8050999453227965, 0.8030677219268052, 0.8080126785224964, 0.8105292150972379, 0.8129720983680526, 0.8123660219760571, 0.8139007589732771, 0.8109512914549168, 0.8141455300839131, 0.8157295862978786, 0.8164450213896004, 0.8182252622406095, 0.8188977722286641, 0.8186929708928179, 0.8220807442553908, 0.8202476269499868]
test_f1_score -----> [0.7657039036561744]
val_f1_score -----> [0.7080491501315467, 0.7351843172254693, 0.7566225730249299, 0.756592650760026, 0.7559099259453416, 0.7700792395706979, 0.7536384417951216, 0.7726008588448197, 0.7802178599135059, 0.7624576856496217, 0.7793979271742262, 0.7669671279607705, 0.7748727565526167, 0.782795418698319, 0.7816515707307131, 0.7876394903455497, 0.7850403607060561, 0.7937365016091551, 0.7850579663678949, 0.790315854646854, 0.7921819610332785, 0.7923995807502285, 0.793651847263248, 0.7915820931086669, 0.7922950948569648, 0.792348417124345, 0.794889539362131, 0.7949967598617426, 0.7961755975448013, 0.7985765438826974]
train_loss -----> [0.607565448389969, 0.5371649925043613, 0.5124937634159259, 0.49623612168690456, 0.4849608915763486, 0.47616527391516644, 0.46884293090282136, 0.46231321372307704, 0.457528402084026, 0.4527911621321369, 0.4473962886393937, 0.4432978205571792, 0.4402416189862554, 0.4369041233094059, 0.43315664632920764, 0.4306897609832062, 0.42854285858355545, 0.42449679236481125, 0.42371418278502376, 0.41979869058274694, 0.41879747235688614, 0.4161151321199923, 0.4139586080783518, 0.4122450674708555, 0.4102112933372459, 0.4089097724822552, 0.40665256553262064, 0.40541177194403566, 0.4037843603114396, 0.4024693894105545]
val_loss -----> [0.5676608115166156, 0.5378923110059793, 0.5211910757127112, 0.5112325378634909, 0.5037630603120131, 0.4963713695068619, 0.4975975772013535, 0.48802195959263, 0.4832306634466929, 0.48727331612561203, 0.47676856829239433, 0.47494569273145343, 0.47228713400729055, 0.47027586494480167, 0.4691633886850632, 0.46953034763400614, 0.4644082255728609, 0.4629162677504995, 0.46151760207103176, 0.46145752501917314, 0.4638267007765467, 0.46090924457923793, 0.45900244044291, 0.457357528644639, 0.45923402878615244, 0.4571114421427786, 0.4555031744477984, 0.4532330774509156, 0.4529557514029581, 0.45119476304934913]
test_loss -----> [0.48464892925442876]
val_auc_roc -----> [0.7808654613951393, 0.8081581048709077, 0.8221064269773346, 0.830388403185848, 0.8359472574271616, 0.8410351958395611, 0.8437020126533037, 0.8480733400217031, 0.85085276714236, 0.851538666284474, 0.8545791445711596, 0.8568211134088164, 0.8582901660490162, 0.8591552179521303, 0.8604348805307016, 0.8602301345181302, 0.8626870866689872, 0.8634855961180156, 0.86420732581233, 0.8640895968551012, 0.8637568845846727, 0.8648062078991012, 0.8656251919493869, 0.866239429987101, 0.8659374296185581, 0.8669662783317296, 0.8674679060625294, 0.8688652975983292, 0.8687168567392151, 0.8699658074159005]
val_auc_pr -----> [0.778953404038355, 0.8076409382374128, 0.819997559258422, 0.8256792413999013, 0.8294745912174665, 0.833393976540929, 0.83355683346309, 0.8404526149887024, 0.8417393565059859, 0.8414063463572568, 0.844869144178358, 0.8448131242839817, 0.8464032097323131, 0.8479969624253182, 0.8484949420210545, 0.846785309589127, 0.8501023730786788, 0.8501927028417631, 0.8514729624070674, 0.8506494236057496, 0.8498630694853826, 0.8509032390794081, 0.8516566593603071, 0.8530431312539859, 0.8512888867734127, 0.8524169602091121, 0.8524024804824994, 0.8541087766551203, 0.8538914874239794, 0.8556480968382754]
test_auc_roc -----> [0.8469906606710482]
test_auc_pr -----> [0.8407411595296486]
cm -----> [[226  70]
 [ 68 225]]
--------
