--------
epochs_index -----> 39
train_acc -----> [0.6691426038742065, 0.6982173323631287, 0.7149830460548401, 0.7300509214401245, 0.7516977787017822, 0.7550933957099915, 0.7595500946044922, 0.7775891423225403, 0.7744057774543762, 0.7865025401115417, 0.7845925092697144, 0.7996604442596436, 0.7960526347160339, 0.8087860941886902, 0.8111205697059631, 0.8106960654258728, 0.8170627951622009, 0.825127363204956, 0.8242784142494202, 0.8331918716430664, 0.8321307301521301, 0.8372241258621216, 0.8435908555984497, 0.8416808247566223, 0.850806474685669, 0.8535653352737427, 0.860144317150116, 0.8575976490974426, 0.8588709831237793, 0.8586587309837341, 0.8620543479919434, 0.8696944117546082, 0.8624787926673889, 0.8798811435699463, 0.8730899691581726, 0.8762733340263367, 0.8794566988945007, 0.8786078095436096, 0.877334475517273, 0.8815789222717285]
test_acc -----> [0.825127363204956]
val_acc -----> [0.7266553640365601, 0.7589133977890015, 0.7792869210243225, 0.7402377128601074, 0.7707979679107666, 0.7266553640365601, 0.7674023509025574, 0.7504244446754456, 0.803056001663208, 0.7928692698478699, 0.8064516186714172, 0.7589133977890015, 0.7589133977890015, 0.804753839969635, 0.7996604442596436, 0.8081493973731995, 0.8115450143814087, 0.8183361887931824, 0.8268251419067383, 0.8285229206085205, 0.8098471760749817, 0.8166383504867554, 0.7979626655578613, 0.8268251419067383, 0.8268251419067383, 0.804753839969635, 0.8183361887931824, 0.8183361887931824, 0.8081493973731995, 0.8370118737220764, 0.803056001663208, 0.8081493973731995, 0.8302206993103027, 0.8438030481338501, 0.8370118737220764, 0.8183361887931824, 0.825127363204956, 0.833616316318512, 0.8353140950202942, 0.8488964438438416]
train_f1_score -----> [0.6690080687873348, 0.6981302985268119, 0.7148902402751717, 0.7299946972997389, 0.7515903369664297, 0.7549693736519318, 0.7594858537948918, 0.7774447881328366, 0.7743252570178258, 0.786455414222991, 0.784515649701764, 0.7994934058803297, 0.7958996543532658, 0.8087267259419741, 0.8110059992841433, 0.8105141736721164, 0.8169518778010086, 0.8250793981206526, 0.8242198790938434, 0.8331196606280469, 0.8320811047895732, 0.837133724863411, 0.8435245168919654, 0.841641753418036, 0.850753202147362, 0.853504552682499, 0.8600943954409721, 0.8575534205953887, 0.8588292465925633, 0.8586358177494061, 0.862003981149184, 0.8696380035181461, 0.8624263280324065, 0.8798226059713871, 0.8730619638807824, 0.8762468031257481, 0.8793933422956727, 0.878548640716686, 0.8773008384502792, 0.8815430685481342]
test_f1_score -----> [0.8250950629694684]
val_f1_score -----> [0.7215179043916059, 0.7570922347879641, 0.7782122531361466, 0.7365161738816912, 0.7682298676233541, 0.7185423240494326, 0.7634642111548027, 0.7474425677787064, 0.8027005748318167, 0.7927348404889716, 0.8049895396190268, 0.7490096941408417, 0.7557529620558261, 0.802116285863296, 0.7992988606914285, 0.808007725782196, 0.8086862069597147, 0.8175768524963895, 0.8258971990594322, 0.8283626178492788, 0.8098203321579162, 0.8165489982973511, 0.793132652161783, 0.8267647008557144, 0.826740720334657, 0.8008947707467371, 0.8182334653049641, 0.8180823591615023, 0.8047248342083724, 0.8367177162356981, 0.7975657112984385, 0.8063993434505218, 0.8300438546255989, 0.843780986230888, 0.8369324423712121, 0.8183340633516952, 0.8251253131316714, 0.8332659283379302, 0.8352209914418156, 0.8488110123504881]
train_loss -----> [0.6155160162819259, 0.5656614790849245, 0.5443217897809834, 0.5255350303568953, 0.5023539514993971, 0.5063666986058041, 0.48713063272838864, 0.4624831254241425, 0.4636129379550752, 0.44670869747780767, 0.4593301986443774, 0.4328344920665938, 0.4243406099385891, 0.4160750161394704, 0.41237310046118186, 0.3998919873417736, 0.39907013066113, 0.38401641008556414, 0.38832598460714896, 0.3706237108198411, 0.37060061969014796, 0.3562874590032473, 0.35252835865943694, 0.3469732887758315, 0.3402801630923648, 0.3383559657131115, 0.32205915028555093, 0.3272086899278522, 0.31617934038587436, 0.31834397980064183, 0.31258411058627966, 0.3018516048327314, 0.3052852302212554, 0.29989756249264493, 0.2928211034096916, 0.2807712228043744, 0.28189713694155205, 0.28137317059116124, 0.28889805102382504, 0.2870399581943604]
val_loss -----> [0.5436981177410568, 0.5038195564537437, 0.4884411972519512, 0.5184180670090626, 0.49462653636126885, 0.6232950580683916, 0.48196038201048563, 0.52991210095383, 0.462094364738142, 0.486552287799281, 0.44921389363102004, 0.6550107460368322, 0.6043306528716472, 0.4760261337096627, 0.4947845724889556, 0.5167173273559357, 0.5139056301197491, 0.4848871760171008, 0.445194980481992, 0.5084340852257367, 0.5853899036710326, 0.5644287857654934, 0.6011435081930582, 0.48951910501597706, 0.5085822831134538, 0.5627590498408757, 0.5941108202410712, 0.5809433602199362, 0.6466125974532317, 0.5413303518718158, 0.6520826924290208, 0.5774363845687461, 0.489965352720606, 0.5140383677506768, 0.515738412961238, 0.4860366708095615, 0.5363701580570557, 0.693230674967069, 0.5064562455927198, 0.4983824047989944]
test_loss -----> [0.52594358797462]
val_auc_roc -----> [0.8101003113109652, 0.8339559552634613, 0.8447019485760405, 0.8434797647872707, 0.8375879165225412, 0.8428917329643721, 0.8567623659633344, 0.8599907759714056, 0.8649141012337138, 0.8661593450939697, 0.8754640839386602, 0.8696298858526462, 0.8650178715554018, 0.8732387870402398, 0.8680041508128675, 0.8730081863253776, 0.8795226565202352, 0.8816211230254815, 0.8892885967946501, 0.8839847803528191, 0.8783811829816672, 0.8842615012106538, 0.8813905223106193, 0.8926553672316385, 0.8984895653176524, 0.8957223567393059, 0.8910642222990892, 0.8988239363542028, 0.8912832929782082, 0.8964026288481495, 0.8971232560820939, 0.9060590337830047, 0.9065894154271879, 0.9065375302663438, 0.9046927245474461, 0.9029055690072639, 0.8992044275337252, 0.8976363426726623, 0.9049694454052808, 0.9071486221607288]
val_auc_pr -----> [0.792547404384806, 0.8231630478327515, 0.8326357458439522, 0.830977245031521, 0.8226046881751875, 0.8288333299843824, 0.8304794775097915, 0.82371229149974, 0.8376165209007458, 0.8421182769332946, 0.8593621792585286, 0.844694291139392, 0.8384095229808549, 0.8424306419213955, 0.8391694107349184, 0.8467457690909228, 0.8433083921682009, 0.8585782503768968, 0.8654544740301069, 0.8612028965428469, 0.8544281373409899, 0.8713116618842516, 0.8616575954964464, 0.8745152926402174, 0.8760885673817667, 0.8715071690957744, 0.8773921355211007, 0.8831827668186776, 0.8645173671708926, 0.8725502601532096, 0.870748765855093, 0.8879075314374666, 0.8875618836953445, 0.8874138984611022, 0.8824266588945086, 0.8787428195514296, 0.8791480780609824, 0.8718245522471276, 0.8776379590847438, 0.883141025270353]
test_auc_roc -----> [0.8989046466044044]
test_auc_pr -----> [0.8821534107048867]
cm -----> [[239  47]
 [ 56 247]]
--------
