--------
epochs_index -----> 39
train_acc -----> [0.6621392369270325, 0.7113752365112305, 0.7241086363792419, 0.7332342863082886, 0.743845522403717, 0.7474533319473267, 0.7601867318153381, 0.7674023509025574, 0.7699490785598755, 0.770373523235321, 0.774193525314331, 0.7799236178398132, 0.7871392369270325, 0.778862476348877, 0.7873514294624329, 0.7990237474441528, 0.8036926984786987, 0.8026315569877625, 0.8007215857505798, 0.8225806355476379, 0.8075127601623535, 0.8162139058113098, 0.831918478012085, 0.8225806355476379, 0.8334040641784668, 0.8276740312576294, 0.8344652056694031, 0.8391340970993042, 0.8297962546348572, 0.8272495865821838, 0.8423174619674683, 0.8391340970993042, 0.8471986651420593, 0.8548387289047241, 0.846137523651123, 0.8486841917037964, 0.848471999168396, 0.8512309193611145, 0.8584465384483337, 0.8595076203346252]
test_acc -----> [0.8166383504867554]
val_acc -----> [0.6791171431541443, 0.7232597470283508, 0.7436332702636719, 0.7317487001419067, 0.7487266659736633, 0.7589133977890015, 0.7215619683265686, 0.7453310489654541, 0.7623090147972107, 0.7385398745536804, 0.7623090147972107, 0.7640067934989929, 0.7860780954360962, 0.7775891423225403, 0.7198641896247864, 0.7792869210243225, 0.7792869210243225, 0.7402377128601074, 0.7758913636207581, 0.7691001892089844, 0.7657045722007751, 0.7792869210243225, 0.7674023509025574, 0.7674023509025574, 0.7657045722007751, 0.7691001892089844, 0.7691001892089844, 0.7775891423225403, 0.7792869210243225, 0.7894737124443054, 0.803056001663208, 0.7928692698478699, 0.7894737124443054, 0.7979626655578613, 0.7928692698478699, 0.7962648272514343, 0.804753839969635, 0.804753839969635, 0.7860780954360962, 0.784380316734314]
train_f1_score -----> [0.6619482248651862, 0.7113252289037257, 0.7240079673007881, 0.7330151393442768, 0.7437697794717647, 0.7473691520925207, 0.7600096585084681, 0.7671664232302219, 0.7698454017192484, 0.7702437039908347, 0.7739644837198748, 0.7798552891034334, 0.7869893108341521, 0.7786887974267132, 0.787174145108151, 0.7988537274475098, 0.803571588547995, 0.8024947974948644, 0.8006683281048889, 0.8223958283350592, 0.8073638369707732, 0.816046856575696, 0.8317904665237316, 0.8224803468632063, 0.8332417723785821, 0.8275545967481056, 0.8343613142466855, 0.8390153268046143, 0.8297226054754796, 0.8271653754437407, 0.8422202047361614, 0.8390365694350794, 0.8471325131323872, 0.8547348342315269, 0.8460695670281405, 0.8485776442418158, 0.8483736422294963, 0.8511678238279392, 0.8583302267243865, 0.8594164578373593]
test_f1_score -----> [0.8146503446760407]
val_f1_score -----> [0.6691964993263566, 0.7190617296601294, 0.7434439538431805, 0.7270845014440637, 0.74725134033865, 0.7588571048817365, 0.7109219708124952, 0.7453303304987318, 0.7622260618729018, 0.732978893868353, 0.7621108214460505, 0.7639822945837977, 0.7853200449782577, 0.7774967724439708, 0.7131671246441968, 0.7777487468969304, 0.7792099142374347, 0.7337416520992501, 0.775813143764655, 0.7686834334293842, 0.7602300835944, 0.7790059982130362, 0.767399690001874, 0.7638739683142637, 0.762049457573188, 0.7658872992325156, 0.7641891524513941, 0.7775660471241495, 0.7777487468969304, 0.7893710728637849, 0.8020007368751699, 0.7926535037507769, 0.7884486104548432, 0.7979533251357007, 0.791178448542794, 0.7946017525832206, 0.8046096325222479, 0.8045712982494011, 0.7825523836030164, 0.7801185734315177]
train_loss -----> [0.6148537716659106, 0.5700314919794763, 0.5444818045596116, 0.528367480658412, 0.5128137369866288, 0.5098246626669762, 0.49277472406220985, 0.4845024845823772, 0.47994572111422834, 0.4699368796648114, 0.46558894953217683, 0.46740447021451553, 0.4498244210799398, 0.4504065461874213, 0.4412726219648619, 0.4410417195352614, 0.417778909791432, 0.4131586543191066, 0.4128950152210959, 0.39331876251890774, 0.41176449445492147, 0.4012669876268442, 0.3858139468246286, 0.39855656472109063, 0.37732497399359805, 0.3874274836236482, 0.3750600455256087, 0.36173220436722797, 0.36813050031611383, 0.37111197896491527, 0.36437040614517624, 0.34915946588135216, 0.35598084502276334, 0.33444279761975465, 0.3446595316028604, 0.3242763100375368, 0.3435727158887074, 0.3333632914643542, 0.3206272247865641, 0.3235621672212219]
val_loss -----> [0.5881840042971278, 0.5414657802195162, 0.5502425605380857, 0.5581778712772033, 0.5090640533614802, 0.5191958359367136, 0.6474508051131226, 0.5653212179203291, 0.5386113578806054, 0.5983255255866695, 0.5289853545459542, 0.5637114239302842, 0.5828898200714909, 0.5195311140772456, 0.7056382509904939, 0.5228917014759938, 0.5872366294466159, 0.6312871253671679, 0.5835009751891767, 0.5554996450003737, 0.6438692048997494, 0.5636288833779258, 0.6079252691486398, 0.5841870457940811, 0.6082465370261185, 0.5527470892144217, 0.5913356031114991, 0.5775864636777224, 0.5453428917539279, 0.5489764823704154, 0.5599137416763886, 0.5444760263167522, 0.5087332935450045, 0.5170939021517298, 0.5158516071938176, 0.5466423559732535, 0.5743315162489543, 0.6147259944999538, 0.6229404647003962, 0.6287025768133634]
test_loss -----> [0.5615154022501933]
val_auc_roc -----> [0.7815173527037934, 0.8197855413351781, 0.8207655943733426, 0.8347399976939929, 0.8292747607517583, 0.8346938775510205, 0.8373342557361928, 0.831315577078289, 0.8333794534763058, 0.839640262884815, 0.8336792344056267, 0.8430646835005189, 0.8502940159114494, 0.8526576732387872, 0.8433644644298396, 0.8509512279488067, 0.8557361927821976, 0.8460048426150121, 0.8544102386717399, 0.8547446097082901, 0.8563126945693532, 0.8603366770436988, 0.8537530266343825, 0.8502017756255044, 0.8515738498789345, 0.868684422921711, 0.8623659633344865, 0.8652138821630346, 0.8598005303816443, 0.867231638418079, 0.8769283984780354, 0.8744494407932665, 0.8864291479303585, 0.8778508013374842, 0.871797532572351, 0.8812291018102155, 0.8830739075291133, 0.8775510204081634, 0.8760636457973019, 0.8845958722472039]
val_auc_pr -----> [0.7695661414660353, 0.7989567972624055, 0.8105256850172281, 0.8119243716463385, 0.7983689230783857, 0.801607282709715, 0.8076614974962835, 0.7972377068904801, 0.8028908865019011, 0.8073018431302513, 0.7974160061803618, 0.8108260249905925, 0.8104096577850873, 0.8143175149958408, 0.804671289020977, 0.8165330835760203, 0.8153096109098108, 0.8085203443270644, 0.8172053900049275, 0.8192562670613912, 0.8156007772684608, 0.8249186024156171, 0.8170474750539078, 0.8144013472825168, 0.8202054004783371, 0.8369101757681786, 0.8355112189142582, 0.8405725886783793, 0.8211664950336781, 0.8330075615434485, 0.8400469589409612, 0.84654118125424, 0.8570990619490896, 0.844998693156329, 0.8413275180329682, 0.8502315855435734, 0.8516244424293662, 0.8523108604202299, 0.8489904660740542, 0.857179707806171]
test_auc_roc -----> [0.8849302432837542]
test_auc_pr -----> [0.8475578661339072]
cm -----> [[210  24]
 [ 84 271]]
--------
