--------
epochs_index -----> 39
train_acc -----> [0.61332768201828, 0.6657470464706421, 0.6725382208824158, 0.6869694590568542, 0.691426157951355, 0.6999151110649109, 0.7003395557403564, 0.6918506026268005, 0.7054329514503479, 0.6994906663894653, 0.6977928876876831, 0.6956706047058105, 0.7088285088539124, 0.6963073015213013, 0.7056451439857483, 0.7022495865821838, 0.6929117441177368, 0.7092529535293579, 0.7045840620994568, 0.7090407609939575, 0.7084040641784668, 0.7077674269676208, 0.7035229206085205, 0.6977928876876831, 0.7126485705375671, 0.7111629843711853, 0.7050085067749023, 0.7143463492393494, 0.7014006972312927, 0.717954158782959, 0.7164685726165771, 0.7115874290466309, 0.7043718099594116, 0.7134974598884583, 0.7039473652839661, 0.7130730152130127, 0.7103140950202942, 0.7020373344421387, 0.7088285088539124, 0.6971561908721924]
test_acc -----> [0.7028862237930298]
val_acc -----> [0.6196944117546082, 0.6621392369270325, 0.6723259687423706, 0.6706281900405884, 0.6842105388641357, 0.6723259687423706, 0.6621392369270325, 0.6876060962677002, 0.6876060962677002, 0.6842105388641357, 0.7079796195030212, 0.7045840620994568, 0.6943972706794739, 0.706281840801239, 0.7045840620994568, 0.6910017132759094, 0.7045840620994568, 0.7130730152130127, 0.7045840620994568, 0.7079796195030212, 0.7011884450912476, 0.7028862237930298, 0.7164685726165771, 0.7079796195030212, 0.6960950493812561, 0.7028862237930298, 0.7011884450912476, 0.7045840620994568, 0.7045840620994568, 0.7079796195030212, 0.6994906663894653, 0.6910017132759094, 0.6842105388641357, 0.7113752365112305, 0.7011884450912476, 0.7266553640365601, 0.6977928876876831, 0.7045840620994568, 0.7096773982048035, 0.6943972706794739]
train_f1_score -----> [0.6124202242001573, 0.665710874231615, 0.6725378266219028, 0.6869653601753228, 0.6913655899629157, 0.6999142403562043, 0.7002301926069106, 0.6918450376192964, 0.7053785804092076, 0.6994451196352821, 0.69778219276536, 0.6956144701274904, 0.7088007658516002, 0.6962717147634017, 0.705582023941618, 0.7022465531776245, 0.692896647101374, 0.7092426993106205, 0.7045667911198235, 0.709036011211942, 0.7082976518780475, 0.7077473767755246, 0.703386638101521, 0.6976825738897093, 0.7126335900932702, 0.7111145686925839, 0.7049995022547068, 0.714242095551517, 0.7013472869336935, 0.7179504833507755, 0.7164366572552681, 0.7115481317273493, 0.7043315288199549, 0.7134677148470084, 0.7038554774255096, 0.7130688130014081, 0.7102011976052804, 0.7020158729550395, 0.7088075338562605, 0.6971332616949043]
test_f1_score -----> [0.6995572372869738]
val_f1_score -----> [0.6165899424778964, 0.6611390045810517, 0.6710972825176272, 0.6685174820699753, 0.6825184259387443, 0.6633837175977662, 0.6590572546467954, 0.6848582079678777, 0.685604209540436, 0.6816327192460055, 0.7052189246995435, 0.7028495496528071, 0.6922674976226366, 0.7018262532563628, 0.7028495496528071, 0.687651510181612, 0.7028495496528071, 0.7096448575741996, 0.7013811139107394, 0.7046000556831408, 0.7004623158382344, 0.7005522629152521, 0.7156292140924272, 0.7079114238778161, 0.693889159725819, 0.70089983454059, 0.6992735915168045, 0.7031456328166256, 0.7017912378354427, 0.7076079377201392, 0.6980982861536463, 0.6888482476517802, 0.6832161230538403, 0.7110078453626003, 0.6998726064622312, 0.726036217637615, 0.6956867475934929, 0.7032831449681942, 0.7091105958600574, 0.6924389005286202]
train_loss -----> [0.6543758108781844, 0.6187209429785422, 0.6025019118053191, 0.5944849186417197, 0.5866240005440532, 0.579242343054563, 0.5816151846851679, 0.5836625384049827, 0.5791728482384032, 0.576256228019507, 0.577673647925889, 0.580340361655871, 0.5756263804506574, 0.577296672177032, 0.5768115607506145, 0.5730837264014425, 0.5758949211578821, 0.5696091600306363, 0.5781037991135957, 0.571207785899854, 0.5656552271496859, 0.5685223965875568, 0.5689122592350419, 0.5764146344720399, 0.5616265550787058, 0.563705195190547, 0.5705405491924441, 0.5631034838728282, 0.5690132323367884, 0.5656881725292252, 0.5641276775171472, 0.5602513678207466, 0.5640597376839619, 0.5608683737763317, 0.5719061129313774, 0.5588533557787, 0.5597441441589792, 0.569763308394138, 0.568779469573639, 0.5690443329829314]
val_loss -----> [0.6511429709357185, 0.621412721840111, 0.6137221165605495, 0.6090700855931721, 0.5975848412191546, 0.6104637058200063, 0.6051902903898343, 0.596551173039385, 0.5950819394878439, 0.595705352119497, 0.5886785448402971, 0.5829561304401704, 0.5819913370383755, 0.5877480450514201, 0.5782176115222878, 0.5950651817225119, 0.57770142120284, 0.5805451624296807, 0.5825368705633525, 0.5785068346036446, 0.5747538857363367, 0.5784682405961529, 0.5765031705031525, 0.5686962012503599, 0.5759583184042492, 0.5739376283175237, 0.5740891566147678, 0.5762977539687544, 0.5741274219912453, 0.5747091339246647, 0.574649122518462, 0.580536280934875, 0.5805156375910784, 0.5712305859134003, 0.5794041813225358, 0.5732073296566267, 0.572664159375268, 0.5688754630249899, 0.5770574485933461, 0.5763626175152291]
test_loss -----> [0.575464903100117]
val_auc_roc -----> [0.677620200622622, 0.7225527499135247, 0.7315692378646373, 0.7367923440562665, 0.7479764787270841, 0.7391098812406318, 0.738498789346247, 0.7546754294938314, 0.7493831430877436, 0.7487489911218725, 0.7640493485529806, 0.7681425112417848, 0.7684999423498213, 0.7672892885967948, 0.7683500518851608, 0.7529920442753373, 0.7716361120719474, 0.7723625043237635, 0.7734002075406434, 0.7770206387639802, 0.774184249971175, 0.7729735962181483, 0.774910642222991, 0.780537299665629, 0.772835235789231, 0.7760175256543296, 0.7766632076559438, 0.7734002075406432, 0.7804681194511702, 0.774818401937046, 0.7736884584342211, 0.7655713132710711, 0.7666320765594373, 0.7775049002651908, 0.7676005995618587, 0.7789922748760522, 0.7777700910872823, 0.7818632537760867, 0.7743341404358353, 0.7744609708290097]
val_auc_pr -----> [0.6465412809510598, 0.682328358448969, 0.6949803886429508, 0.697473724119761, 0.7134355378897428, 0.7106065896269224, 0.7045981424371449, 0.7120894132739684, 0.7078956942237828, 0.7153816520565515, 0.7205585060743995, 0.7309077177787379, 0.7340545468960973, 0.7358768547034229, 0.7374774086449085, 0.7117798317961783, 0.7402105119174143, 0.7413664589506056, 0.7462095515853755, 0.7470431626877112, 0.746320344302431, 0.7453329718838411, 0.7436962349265046, 0.7461759734766351, 0.7456318438884136, 0.7456746796290994, 0.7484963676915841, 0.7488990765705121, 0.75162857264578, 0.7423013817670583, 0.7480463630752523, 0.7393173565570367, 0.7298253874390024, 0.737555267134328, 0.7342832057632582, 0.7431308059506887, 0.7412171744161038, 0.742813110729774, 0.7384397896496387, 0.740983411521216]
test_auc_roc -----> [0.776893808370806]
test_auc_pr -----> [0.748006428310483]
cm -----> [[176  56]
 [119 238]]
--------
