--------
epochs_index -----> 29
train_acc -----> [0.6240941882133484, 0.680027186870575, 0.6918025612831116, 0.7094655632972717, 0.7137681245803833, 0.7096920013427734, 0.7287137508392334, 0.7167119383811951, 0.7298460006713867, 0.7246376872062683, 0.7312046885490417, 0.72826087474823, 0.7169383764266968, 0.7246376872062683, 0.7264492511749268, 0.733016312122345, 0.7275815010070801, 0.7325633764266968, 0.7423007488250732, 0.7350543737411499, 0.733016312122345, 0.7382246255874634, 0.7450181245803833, 0.74048912525177, 0.7436594367027283, 0.7364130616188049, 0.7257699370384216, 0.7361866235733032, 0.7323369383811951, 0.7423007488250732]
test_acc -----> [0.7130730152130127]
val_acc -----> [0.6674208045005798, 0.6764705777168274, 0.6934388875961304, 0.6968325972557068, 0.7058823704719543, 0.7058823704719543, 0.7149321436882019, 0.7239819169044495, 0.7138009071350098, 0.720588207244873, 0.7251130938529968, 0.7194570302963257, 0.7296379804611206, 0.726244330406189, 0.7319004535675049, 0.726244330406189, 0.7285068035125732, 0.726244330406189, 0.7228506803512573, 0.7307692170143127, 0.7251130938529968, 0.7352941036224365, 0.7398189902305603, 0.7398189902305603, 0.7386877536773682, 0.726244330406189, 0.7420814633369446, 0.7239819169044495, 0.7466063499450684, 0.7296379804611206]
train_f1_score -----> [0.6236123706278702, 0.6799995847277505, 0.6917733065991494, 0.7094643679320071, 0.7137253041807985, 0.7096705258775029, 0.7287102017575138, 0.7167055450525757, 0.7298456631564983, 0.724636264110935, 0.731159914674585, 0.7282603629159348, 0.7169378782459463, 0.7246371678215408, 0.7264465209448466, 0.7330161761278783, 0.7275803852079761, 0.7325633870798309, 0.742299873895123, 0.735053473301791, 0.7329995271467857, 0.7382226996578909, 0.7450047211430129, 0.7404882737467993, 0.7436568388487125, 0.7363991968033338, 0.7257699084706275, 0.7361806231461989, 0.7323103761835688, 0.7422993981643762]
test_f1_score -----> [0.7118737232034129]
val_f1_score -----> [0.666805121069174, 0.6763894172013458, 0.6931935285442352, 0.6966773138986291, 0.7032024743692378, 0.7057603530305834, 0.714838704662883, 0.7239691792893457, 0.7126887239980254, 0.7205449596923109, 0.7250958797149125, 0.7193406441974538, 0.7274614089546892, 0.7261041411677102, 0.7318589287322232, 0.7243124772997949, 0.7281045701543398, 0.7259694162051895, 0.7227907236158192, 0.7305361255239301, 0.7250339478107672, 0.7351585495581967, 0.7397337379444495, 0.7392851963640619, 0.7383231173160554, 0.7259694162051895, 0.74063569183304, 0.7239310238180933, 0.7455108086361821, 0.7293467280134887]
train_loss -----> [0.6472425452177072, 0.5925588483611743, 0.5830863260704534, 0.5704274796543339, 0.5729991522604144, 0.561394219165263, 0.5540851823499666, 0.5546935442835093, 0.547476022166835, 0.5447425186040167, 0.5398062912450317, 0.5436835707151801, 0.5437353522233341, 0.5454299470976652, 0.5350335469550416, 0.5344971307431872, 0.540539292753607, 0.523907628855196, 0.5281145602086745, 0.5302678477289016, 0.5371713009865388, 0.5287608136355438, 0.5244192222970109, 0.5269373471484236, 0.5230022893975614, 0.5303762481156464, 0.5356167101881643, 0.531020037559928, 0.5315625567151143, 0.5239974437956356]
val_loss -----> [0.6220935371008006, 0.5935281351342933, 0.5812510064056325, 0.5750988456043038, 0.58129014464112, 0.5607323004855763, 0.5576956776885301, 0.5520485290535935, 0.561415409585377, 0.5480364526177314, 0.5544297648174269, 0.5475354138258345, 0.555464737989881, 0.5484743437788504, 0.540129329975661, 0.5515762427905657, 0.5474032814706767, 0.548182736511703, 0.5423328238833062, 0.5431412900084843, 0.5468029009329309, 0.5473030957284272, 0.5427982777625592, 0.539265671291867, 0.5459519722708708, 0.5413971324493216, 0.5505673069137709, 0.5478651405454761, 0.5437430352778044, 0.5420595513539271]
test_loss -----> [0.5634410953199542]
val_auc_roc -----> [0.7185791650457607, 0.7538108351589852, 0.7693459388628406, 0.7750481153129543, 0.7724120104010975, 0.7895902008558384, 0.7891602342294384, 0.7958707847914661, 0.7889606068671813, 0.8015422493396941, 0.7922211871173808, 0.8011020454126656, 0.7965618025838946, 0.7977032616039803, 0.806799103212465, 0.7981025163284945, 0.7998275014844085, 0.7969968878606088, 0.802832149218894, 0.8029345222251798, 0.7974729223398376, 0.7984249912982945, 0.8040094387911794, 0.8056883560942651, 0.7979899060215803, 0.8030880817346082, 0.798686042464323, 0.7967614299461518, 0.8056934747445793, 0.8024891996478368]
val_auc_pr -----> [0.7061416666089804, 0.7425588153158575, 0.7522726442169052, 0.7503144019612527, 0.7494097053379365, 0.7742005704620962, 0.7694235752005024, 0.7770821924129993, 0.7674207027147644, 0.781129396924574, 0.771535950174411, 0.7786301659865142, 0.7730987156254814, 0.779754636580519, 0.7856093048482384, 0.7739061797289976, 0.7804269160036568, 0.7818458384539515, 0.7833693770755219, 0.7788968959205202, 0.7755473909447593, 0.7776755656792215, 0.7768725180187191, 0.7854016774977463, 0.7749304949786147, 0.782240776495845, 0.7706937548264889, 0.773421385360132, 0.7796536063042947, 0.7762612923240968]
test_auc_roc -----> [0.7827049463853338]
test_auc_pr -----> [0.7692037533794327]
cm -----> [[191  66]
 [103 229]]
--------
