--------
epochs_index -----> 29
train_acc -----> [0.7185235619544983, 0.8238224387168884, 0.8996829986572266, 0.94089674949646, 0.9535778760910034, 0.9746376872062683, 0.9773550629615784, 0.9766757488250732, 0.9798460006713867, 0.9791666865348816, 0.985733687877655, 0.9832427501678467, 0.9841485619544983, 0.984375, 0.9839221239089966, 0.991847813129425, 0.9923007488250732, 0.9911684989929199, 0.9800724387168884, 0.9902626872062683, 0.9868659377098083, 0.9927536249160767, 0.99048912525177, 0.9923007488250732, 0.991847813129425, 0.9900362491607666, 0.991847813129425, 0.9873188138008118, 0.9911684989929199, 0.9911684989929199]
test_acc -----> [0.803056001663208]
val_acc -----> [0.7658371329307556, 0.7828054428100586, 0.8122171759605408, 0.8212669491767883, 0.7805429697036743, 0.8416289687156677, 0.8246606588363647, 0.7975113391876221, 0.8348416090011597, 0.8291855454444885, 0.8404977321624756, 0.8110859990119934, 0.8178732991218567, 0.8054298758506775, 0.8438913822174072, 0.8257918357849121, 0.837104082107544, 0.8325791954994202, 0.8337104320526123, 0.8280543088912964, 0.8122171759605408, 0.8404977321624756, 0.8393664956092834, 0.820135772228241, 0.8246606588363647, 0.8223981857299805, 0.8235294222831726, 0.8257918357849121, 0.8178732991218567, 0.8325791954994202]
train_f1_score -----> [0.7183986514604284, 0.8237425958926369, 0.8996662497709491, 0.9408941851369348, 0.9535772055742091, 0.9746376761550073, 0.9773550674593429, 0.9766757088687921, 0.9798460084548364, 0.9791666573889595, 0.9857336899161441, 0.9832427348699373, 0.9841485164575137, 0.9843749300949615, 0.9839220296630621, 0.9918478143938592, 0.9923007180539348, 0.9911684619345219, 0.9800724424137545, 0.9902626636718557, 0.9868659127782968, 0.9927536181839098, 0.9904891234794544, 0.9923007180539338, 0.9918478143938674, 0.9900362187046149, 0.9918478210824656, 0.9873188251707439, 0.9911684619345219, 0.9911684691805148]
test_f1_score -----> [0.8029873075468921]
val_f1_score -----> [0.7651154233055297, 0.7789999950728284, 0.8121393005044015, 0.8212660484306651, 0.7753817894733274, 0.8415997656240801, 0.8237074899491315, 0.7950435610447861, 0.8345969448795922, 0.8290487904352157, 0.8404240151088848, 0.8099279590139281, 0.8171129225397775, 0.805069660585939, 0.8438842057768681, 0.8238843301919738, 0.8370965627681404, 0.8323595086929563, 0.8333160119092412, 0.8274102757820689, 0.8093718773342253, 0.8404958955347581, 0.8390691375162912, 0.8199677942296382, 0.8233893671880124, 0.8208185943213933, 0.8234390313654402, 0.825186960810727, 0.8176490510354195, 0.8325757525570231]
train_loss -----> [0.5594660174371539, 0.39369788668388384, 0.25129382719603804, 0.1522317771708965, 0.12670444115591303, 0.07965744566813873, 0.06723095174622183, 0.07785121072449816, 0.057519389783579684, 0.06689915490463078, 0.04376333493110588, 0.05599565460511558, 0.052674313481592766, 0.050836848254261005, 0.057590698494194036, 0.027843214295288153, 0.03096988419135018, 0.028054049569200032, 0.06964203207933699, 0.033609553482131564, 0.04549960246083973, 0.02847482783149139, 0.031175382603024424, 0.03192693318162807, 0.03337856156918525, 0.03530301623636122, 0.031979221888080986, 0.04885925351927209, 0.034622988449818266, 0.03188674147307159]
val_loss -----> [0.48430142974531326, 0.4566519485937583, 0.46721721266035554, 0.5738691076225193, 0.8006259580436454, 0.7114073334330995, 0.8763201361772673, 0.9653443663574016, 0.9721160769259514, 1.0194118805114296, 0.9855619634145933, 1.2498768282055788, 1.16002714125562, 1.1271106918157816, 0.8531377276318906, 1.0401874229976347, 1.0238661658748671, 1.182468212307245, 0.9923427498775573, 1.2199818454661855, 1.2920257232409196, 1.1360141700280508, 1.1493944363507873, 1.3769802296144027, 1.460307026334904, 1.616625076733742, 1.6399686091408552, 1.172215405776244, 1.8054542021331492, 1.7793629462510365]
test_loss -----> [1.8970079412273337]
val_auc_roc -----> [0.8444416576237177, 0.8814239061444278, 0.8909548330296267, 0.8972123830388403, 0.9037361028643968, 0.9030809156241681, 0.8986584017526259, 0.9026202370958826, 0.9103545177207673, 0.8963524497860406, 0.9092616858786675, 0.9013508118179399, 0.9077823959378393, 0.8965955856759689, 0.9114217563112958, 0.9184291885915523, 0.9104389754509531, 0.9092412112774103, 0.9161795417784238, 0.9088266006019533, 0.9141781495055383, 0.9140194713457956, 0.9115266886427387, 0.903257509060011, 0.9116674515263816, 0.9038563911467825, 0.8993545381953687, 0.9060471734812965, 0.9012893880141685, 0.9038947810241396]
val_auc_pr -----> [0.8342007136511204, 0.8652308778668767, 0.872115881680166, 0.8788038858503361, 0.8931533462350535, 0.8841375479836423, 0.8730038421298245, 0.8889513370779741, 0.9013111887380343, 0.8748108904027141, 0.8944763756909194, 0.8801075659429294, 0.8892108984556301, 0.8727652313087961, 0.89328558049805, 0.9037532911936819, 0.8968194729723956, 0.8845891329065113, 0.8976997939144288, 0.8877345640471714, 0.898058451877989, 0.9039444885966532, 0.8990429010067755, 0.8909332052683168, 0.8980556450212095, 0.8785932292597345, 0.8748913746696972, 0.8859459434158893, 0.884008384717832, 0.8875473583802739]
test_auc_roc -----> [0.8949210192551597]
test_auc_pr -----> [0.8809678639390132]
cm -----> [[242  64]
 [ 52 231]]
--------
