--------
epochs_index -----> 29
train_acc -----> [0.7271286249160767, 0.795516312122345, 0.8421648740768433, 0.8718296885490417, 0.9091938138008118, 0.9211956262588501, 0.9368206262588501, 0.9501811861991882, 0.9501811861991882, 0.9615036249160767, 0.9624094367027283, 0.9723731875419617, 0.9723731875419617, 0.9694293737411499, 0.9725996255874634, 0.9737318754196167, 0.9755434989929199, 0.9821105003356934, 0.9832427501678467, 0.9814311861991882, 0.9764492511749268, 0.9848278760910034, 0.9848278760910034, 0.9839221239089966, 0.9841485619544983, 0.9841485619544983, 0.984375, 0.9870923757553101, 0.9886775612831116, 0.9825633764266968]
test_acc -----> [0.8845500946044922]
val_acc -----> [0.7986425161361694, 0.7986425161361694, 0.8020362257957458, 0.8348416090011597, 0.8529411554336548, 0.8461538553237915, 0.8585972785949707, 0.8110859990119934, 0.8506787419319153, 0.8642534017562866, 0.8733031749725342, 0.8823529481887817, 0.8710407018661499, 0.8744344115257263, 0.8744344115257263, 0.8880090713500977, 0.877828061580658, 0.872171938419342, 0.8744344115257263, 0.8653846383094788, 0.8914027214050293, 0.8846153616905212, 0.8710407018661499, 0.8959276080131531, 0.8800904750823975, 0.8868778347969055, 0.8823529481887817, 0.8733031749725342, 0.8959276080131531, 0.8880090713500977]
train_f1_score -----> [0.7270765416129419, 0.7954772743280908, 0.8421240393214826, 0.8718287586969995, 0.9091844052371421, 0.9211898114910083, 0.9368171188404346, 0.9501805004109423, 0.9501806536949171, 0.9615026627124118, 0.9624084822955226, 0.9723729057288142, 0.972373132400733, 0.9694291531360066, 0.9725993165322746, 0.9737318790535622, 0.9755433929930017, 0.9821104572911783, 0.983242745181538, 0.9814311391806951, 0.9764489611919019, 0.984827855423478, 0.984827830526861, 0.9839220956203565, 0.9841485457201816, 0.9841485457201805, 0.9843749877843929, 0.9870923803428395, 0.9886775219376762, 0.9825633998985159]
test_f1_score -----> [0.884229385663986]
val_f1_score -----> [0.7983783290393818, 0.7943304633369161, 0.8002755037951592, 0.833336771886901, 0.8526394566351782, 0.8458982722656259, 0.8585956514998844, 0.8060096638907979, 0.8504306758750388, 0.8642506092311633, 0.8733005682809174, 0.8822510772354434, 0.8707489574024234, 0.8744072230549738, 0.8742140249625769, 0.8878332136114759, 0.8774359477329838, 0.8718687699005327, 0.8734234968882287, 0.8640680049592471, 0.8911329999183826, 0.8840449943104405, 0.8703178434193151, 0.8958230807365086, 0.8800880375682332, 0.8866457347165131, 0.8823378793765208, 0.8731759254656659, 0.8958934921651844, 0.8879458090836088]
train_loss -----> [0.5400559553822534, 0.4244687301376703, 0.3440701470818319, 0.2859057326424882, 0.21770390937023823, 0.19161670792432836, 0.15303935009383102, 0.1310093902219691, 0.11752278792590766, 0.1019863969572231, 0.10006557358149402, 0.07871756165373896, 0.06985876634479624, 0.07873730955281938, 0.07743768017761371, 0.06690732704658368, 0.06725359373119728, 0.05514432438541951, 0.05092113389268377, 0.05089342078948888, 0.06229040459567983, 0.04654086911487716, 0.042619603226584424, 0.046093337573458654, 0.04410472364314732, 0.04359463967210824, 0.04598010185223513, 0.03322853419404128, 0.03423166894466099, 0.058008407501649914]
val_loss -----> [0.45475183360211485, 0.4315517023876981, 0.40781854106499277, 0.37212994563821183, 0.35327884449145275, 0.38331771061361375, 0.3390117271694246, 0.5718132955114446, 0.40133884523131036, 0.3651075510157122, 0.3685895045044589, 0.3775388125460257, 0.3952390807596883, 0.38081757698065466, 0.34435752147875803, 0.34464658033270557, 0.41264476689199603, 0.42214728811512464, 0.5054469310829571, 0.48602263251663524, 0.37160433809323284, 0.4304485268894005, 0.4503121789825895, 0.3924295536823454, 0.4373032478101737, 0.3918024348032132, 0.4548078896047816, 0.495756328937811, 0.43302330007642387, 0.3690022319421037]
test_loss -----> [0.4663293060289721]
val_auc_roc -----> [0.8794583444237424, 0.9041967813926823, 0.9102419074138531, 0.9244154501341086, 0.9309110173829364, 0.920668598104052, 0.9384098400933641, 0.9363982105198502, 0.9347244118670789, 0.9429091337196208, 0.9433109477692923, 0.9470398845232489, 0.9458856288773776, 0.9437869822485208, 0.9546666734915338, 0.9550736061915195, 0.9449412378943921, 0.9418086239020494, 0.9481685469175487, 0.9495684977785056, 0.9568728117769906, 0.9566783030650479, 0.9520971110337626, 0.9542008763129338, 0.9440403554390778, 0.951188550602977, 0.9486394627464629, 0.9496324809074344, 0.9559847259474623, 0.9520715177821911]
val_auc_pr -----> [0.8564424014066423, 0.8782984252654091, 0.8917221288430014, 0.9027475219474062, 0.9142145702621823, 0.9019132804923209, 0.9212895903939038, 0.9220145970303492, 0.9185885057747255, 0.9286534921403299, 0.9234630527271347, 0.928500112122991, 0.9347524570638664, 0.9299066838818687, 0.9429680288259186, 0.9344711726203713, 0.9315614322523454, 0.9309253569970374, 0.9294369596875215, 0.9380813725904531, 0.9468509754364787, 0.9419428764789887, 0.9427863306149651, 0.9329685891080294, 0.9360981019184972, 0.9341546548659722, 0.9296446027911731, 0.9341800074089432, 0.9421744930666707, 0.9453341963144901]
test_auc_roc -----> [0.9420846304623544]
test_auc_pr -----> [0.9328561660227316]
cm -----> [[245  19]
 [ 49 276]]
--------
