--------
epochs_index -----> 39
train_acc -----> [0.6729626655578613, 0.7064940333366394, 0.7264431118965149, 0.7315365076065063, 0.7466044425964355, 0.7480899691581726, 0.75785231590271, 0.7538200616836548, 0.7676146030426025, 0.7746179699897766, 0.7720713019371033, 0.7867147922515869, 0.7877758741378784, 0.7773768901824951, 0.7907470464706421, 0.7971137762069702, 0.8000848889350891, 0.7971137762069702, 0.8034804463386536, 0.8168506026268005, 0.8132427930831909, 0.8213073015213013, 0.8075127601623535, 0.8217317461967468, 0.8145161271095276, 0.8221561908721924, 0.8370118737220764, 0.8355262875556946, 0.8365874290466309, 0.8463497161865234, 0.840619683265686, 0.8397707939147949, 0.8452886343002319, 0.8452886343002319, 0.8554753661155701, 0.8435908555984497, 0.8595076203346252, 0.8618420958518982, 0.8595076203346252, 0.8573853969573975]
test_acc -----> [0.8268251419067383]
val_acc -----> [0.7385398745536804, 0.7453310489654541, 0.7266553640365601, 0.7402377128601074, 0.7521222233772278, 0.7283531427383423, 0.7300509214401245, 0.7402377128601074, 0.7385398745536804, 0.7436332702636719, 0.7657045722007751, 0.7470288872718811, 0.7707979679107666, 0.7775891423225403, 0.7877758741378784, 0.7775891423225403, 0.7996604442596436, 0.7928692698478699, 0.7945670485496521, 0.7792869210243225, 0.7674023509025574, 0.7945670485496521, 0.7979626655578613, 0.8013582229614258, 0.8166383504867554, 0.7979626655578613, 0.7945670485496521, 0.774193525314331, 0.8132427930831909, 0.8217317461967468, 0.8217317461967468, 0.8200339674949646, 0.823429524898529, 0.7877758741378784, 0.8285229206085205, 0.8115450143814087, 0.8302206993103027, 0.8132427930831909, 0.825127363204956, 0.823429524898529]
train_f1_score -----> [0.6728296561329332, 0.7063129829755759, 0.726317377217359, 0.7313979922952878, 0.7464947542375787, 0.7479831801922918, 0.7577129467902642, 0.7536808660069119, 0.7674947041209939, 0.7745081449160944, 0.7719378111675874, 0.7864955103823914, 0.787651592921313, 0.7772348257700186, 0.7906410758929956, 0.7969685714700592, 0.7999463433335179, 0.7969685714700592, 0.8033442822153134, 0.816763035030539, 0.8131517576420284, 0.8212202042551355, 0.8073252078436901, 0.8216481704668301, 0.8144036441509234, 0.8220661469148853, 0.8368759902924582, 0.8354248436481322, 0.8364346727392523, 0.8462290669355472, 0.8405001450251816, 0.8396941957217344, 0.845137900361811, 0.8451964123131963, 0.8554062873064423, 0.8435350073295725, 0.8594391618961691, 0.8617882608567019, 0.8594492952692081, 0.8572959008123759]
test_f1_score -----> [0.8268246231283294]
val_f1_score -----> [0.7379045257323071, 0.7453127111783372, 0.721776093322289, 0.7396493245877584, 0.7520014253936633, 0.7214076197458343, 0.7270262894193088, 0.7371341013565152, 0.7332427487059288, 0.738814928656754, 0.7656714818630528, 0.7407026545306257, 0.7707318710730375, 0.77458463937421, 0.7868888472200016, 0.777578871034895, 0.7996321359360247, 0.7919571461255124, 0.7929532773914674, 0.7777487468940463, 0.7651248505773185, 0.794329920149863, 0.7979533251357007, 0.8002434838497323, 0.8163074313948183, 0.7974371447551951, 0.7940327271043596, 0.7711431835584837, 0.8112179437473908, 0.8216988506976678, 0.8199861981863912, 0.8198839064448933, 0.821988184906635, 0.7806723516795196, 0.8282377348067884, 0.8088450659647384, 0.8302163034304957, 0.8132293201882418, 0.8246724859618803, 0.8233434796548044]
train_loss -----> [0.6196645208854226, 0.5680828705202338, 0.5440939218058853, 0.5331346985389093, 0.5154014580483042, 0.5077471771294888, 0.49178771885880385, 0.4953583229099149, 0.4850607960024796, 0.4705166043950867, 0.46443577256237095, 0.45678464737554775, 0.45729108711986055, 0.4535165884751821, 0.44461122663701114, 0.43397601784945294, 0.4267281714719302, 0.433472471555192, 0.42911040242793, 0.4065827591714714, 0.4100803408031757, 0.40565724632305855, 0.403157077109875, 0.3983175782439356, 0.3955053181303683, 0.38881290347294845, 0.373884406997008, 0.37379777345471166, 0.3684782527153127, 0.3567286488838838, 0.3622215388782307, 0.35122001457308, 0.3474683357633539, 0.3506844031271891, 0.3324755678484647, 0.3501796206405643, 0.32177242113938276, 0.32676496349768464, 0.3322036714468575, 0.3239038914571721]
val_loss -----> [0.5323158466332667, 0.531817699404987, 0.5329332371821276, 0.5098314077870266, 0.5152195440353573, 0.5320353185808337, 0.5840907719086956, 0.5259398081012674, 0.619230793638004, 0.596675801518801, 0.5197050954039032, 0.5492688812114095, 0.5222578421235086, 0.5156166515237572, 0.5027379006952852, 0.6077172099738508, 0.5165714612482366, 0.4936687132796726, 0.5208169912567008, 0.5629448881624518, 0.5862803553809992, 0.46869046673984144, 0.4760558375635662, 0.49961536971701154, 0.4477995856589563, 0.48103392557115165, 0.4587368621818117, 0.5706831729291261, 0.476809717412736, 0.4781639348916911, 0.49307100001621895, 0.5027039927002546, 0.5076114243349515, 0.6633200691006071, 0.48877206741756685, 0.4909591474947895, 0.5167538736116241, 0.5108755713177693, 0.4682107575841852, 0.5070910717083795]
test_loss -----> [0.48821853785901453]
val_auc_roc -----> [0.8240631845958721, 0.8268995733886775, 0.8159460394327221, 0.8322495099734809, 0.8367808140205235, 0.8394903724201545, 0.837576386486798, 0.8471809062608093, 0.83454398708636, 0.848483800299781, 0.8452208001844805, 0.8285714285714287, 0.8603366770436989, 0.8651908220915484, 0.8646143203043929, 0.8569814366424535, 0.8701948576040586, 0.8670817479534186, 0.8721549636803875, 0.8720396633229563, 0.8655597832353281, 0.8805142395941427, 0.882001614205004, 0.8896806180099158, 0.890118759368154, 0.8828663668857373, 0.8791191052692263, 0.884399861639571, 0.8899573388677505, 0.8986740458895424, 0.8906030208693647, 0.8909258618701718, 0.8874092009685229, 0.8737115185057074, 0.896241208347746, 0.8926668972673816, 0.8962873284907182, 0.8957338867750491, 0.89792459356624, 0.8977516430300934]
val_auc_pr -----> [0.8202499223691018, 0.8249094998596955, 0.7995667574366256, 0.8327205907223354, 0.8254904571731403, 0.8354943222914281, 0.8282226563844114, 0.8371054389033206, 0.8211226702068473, 0.8427705957347581, 0.8359693002330807, 0.8166843857952353, 0.8456180299858265, 0.8539961626384476, 0.8516292003696662, 0.8499768683727223, 0.8554886148776666, 0.853875330479074, 0.8628381282455901, 0.8666918661378862, 0.858328031171048, 0.8708027835358665, 0.8768685939376619, 0.8783751520252723, 0.8800295609509239, 0.8717395159696619, 0.8596552349182984, 0.8714059862051458, 0.873470977114651, 0.880109105986409, 0.8683731574618264, 0.8700303684216353, 0.8688140105124348, 0.856153501754862, 0.876476816070848, 0.8798139918820236, 0.8821861014611649, 0.881945729235763, 0.8802032073448811, 0.8857144277645665]
test_auc_roc -----> [0.9031534647757409]
test_auc_pr -----> [0.8906688588723454]
cm -----> [[244  52]
 [ 50 243]]
--------
