--------
epochs_index -----> 39
train_acc -----> [0.6854838728904724, 0.7228353023529053, 0.7355687618255615, 0.7542445063591003, 0.7480899691581726, 0.7478777766227722, 0.7580645084381104, 0.7574278712272644, 0.7623090147972107, 0.7686757445335388, 0.7661290168762207, 0.774193525314331, 0.7697368264198303, 0.7716468572616577, 0.767190158367157, 0.7752546668052673, 0.7748302221298218, 0.7780135869979858, 0.7763158082962036, 0.7809846997261047, 0.7733446359634399, 0.7799236178398132, 0.7756791114807129, 0.7748302221298218, 0.7854413986206055, 0.7826825380325317, 0.7790747284889221, 0.7848047614097595, 0.7835314273834229, 0.7831069827079773, 0.7809846997261047, 0.7799236178398132, 0.7818335890769958, 0.7831069827079773, 0.7890492081642151, 0.7758913636207581, 0.7924448251724243, 0.7909592390060425, 0.7824702858924866, 0.7892614603042603]
test_acc -----> [0.7470288872718811]
val_acc -----> [0.7011884450912476, 0.7249575257301331, 0.7334465384483337, 0.7657045722007751, 0.7538200616836548, 0.7606111764907837, 0.7385398745536804, 0.7707979679107666, 0.7623090147972107, 0.7623090147972107, 0.7521222233772278, 0.7504244446754456, 0.7775891423225403, 0.7521222233772278, 0.7572156190872192, 0.7436332702636719, 0.7707979679107666, 0.774193525314331, 0.7691001892089844, 0.7775891423225403, 0.7707979679107666, 0.774193525314331, 0.7860780954360962, 0.774193525314331, 0.7674023509025574, 0.774193525314331, 0.7792869210243225, 0.7894737124443054, 0.7707979679107666, 0.7657045722007751, 0.7758913636207581, 0.7775891423225403, 0.7606111764907837, 0.774193525314331, 0.7826825380325317, 0.7826825380325317, 0.7809846997261047, 0.7826825380325317, 0.7809846997261047, 0.7792869210243225]
train_f1_score -----> [0.6851116662615946, 0.7226109786084586, 0.7354846937859194, 0.7542168025531026, 0.7479695529569532, 0.7478368680151457, 0.7579126923610505, 0.7573758126492395, 0.762229789910456, 0.768602179330849, 0.7659616804289773, 0.7741111354057442, 0.7696956678834246, 0.7715671806962787, 0.7670788535329494, 0.7751554112461806, 0.7747534289908592, 0.7779361253329298, 0.7762446759950634, 0.7809363693918574, 0.7732582105549257, 0.7798414821164277, 0.7756337496892054, 0.7747569199711237, 0.7853926962813422, 0.7826448769972645, 0.7790187134296775, 0.7847516612690287, 0.7834001347415546, 0.7830168905829475, 0.7809277241569496, 0.7798552891034334, 0.7817313335479268, 0.7830590789422933, 0.789015021747802, 0.7757862727302179, 0.7924088764386419, 0.7909307637086874, 0.782389121609749, 0.7892237767262049]
test_f1_score -----> [0.7459715068463086]
val_f1_score -----> [0.6992735915168045, 0.724728237034052, 0.7331388235072952, 0.765649862349445, 0.7537746052611917, 0.7600689850105359, 0.7380680061644418, 0.7707556666206568, 0.7622754164561593, 0.7622534836158503, 0.7520643474145471, 0.7503783929893908, 0.7774248864435869, 0.7519613674765357, 0.7572128153320248, 0.74348835030201, 0.7705333825670921, 0.7732497337628432, 0.7689076549753262, 0.7772784034653191, 0.7706683921217805, 0.7739328879360594, 0.7853200449782577, 0.7741518788924575, 0.7673782327191451, 0.7741284358714782, 0.779281195969987, 0.789093718271713, 0.7707318710730375, 0.7655525251473478, 0.7758906902348668, 0.7775788710351257, 0.7603348664590334, 0.7740997766802382, 0.7825013220338775, 0.7824561353300713, 0.7807799786484828, 0.7820788480348673, 0.7805571149424376, 0.7785919124531356]
train_loss -----> [0.5918682785815417, 0.5470808597189867, 0.5285528606793676, 0.5139049196486153, 0.5098743320067992, 0.5063271352259123, 0.5023195096663183, 0.49826582514875345, 0.4939722134170387, 0.4905279786634321, 0.48891940604142703, 0.48783356277667406, 0.4813462357417837, 0.48399286900594796, 0.4833358631221063, 0.4794671602534515, 0.47791998966238075, 0.4784764567159231, 0.46518160339527076, 0.47115327545610863, 0.4699640786986807, 0.476790099728897, 0.4705618712639975, 0.4667482689301308, 0.4676390492652993, 0.4646138340639542, 0.4675891509055077, 0.4637700930516061, 0.4652401648828657, 0.4623686270266515, 0.46597923392806256, 0.4650942195706538, 0.46646671931944, 0.4585760282969238, 0.4582017443707318, 0.46834307792636054, 0.4581986156708113, 0.45650107338898066, 0.4620068073272706, 0.4588925182212188]
val_loss -----> [0.5698430981184986, 0.5436931763951843, 0.5301366418197347, 0.5166203242701451, 0.5154183627785862, 0.5072963124996909, 0.5061895509023925, 0.49383371564987544, 0.49580179517333567, 0.49372439146847324, 0.48714921502648173, 0.4866535272952673, 0.48347586675270177, 0.4847948371961309, 0.4786503832485223, 0.47968938825903706, 0.4767034706231708, 0.4785609064069954, 0.47106984338244867, 0.4707143181884612, 0.4691506358417305, 0.47032729496021525, 0.4711524546146392, 0.4630580045081475, 0.46443358285201564, 0.4634473305698987, 0.4619358004750433, 0.4629544210997788, 0.4633353954634151, 0.4649403550334879, 0.4592687084868147, 0.4594089509667577, 0.46468199930481013, 0.46188954968710205, 0.4607306374488649, 0.45939277253440913, 0.46100539996011847, 0.46286935077325725, 0.46084531738951406, 0.46049267194561055]
test_loss -----> [0.5037140898607871]
val_auc_roc -----> [0.7818747838118297, 0.8015911449325492, 0.8127406894961374, 0.8224605096275798, 0.8241093047388447, 0.8302894038971521, 0.8344748068719013, 0.8404934855298052, 0.8383719589530727, 0.8396633229563011, 0.8463622737230485, 0.8467658249740575, 0.84922172258734, 0.8484492101925515, 0.8513432491640724, 0.8507667473769169, 0.8521042315231177, 0.854110457742419, 0.855989853568546, 0.857327337714747, 0.8571659172143434, 0.8558745532111149, 0.8573042776432607, 0.8614089703678081, 0.8607978784734233, 0.8611783696529459, 0.8622506629770553, 0.8610515392597717, 0.8600599561858642, 0.8609247088665976, 0.8632883661939352, 0.8629424651216417, 0.8626542142280641, 0.8606825781159921, 0.8617894615473309, 0.8636112071947423, 0.8625043237634036, 0.862435143548945, 0.8635650870517699, 0.8638418079096044]
val_auc_pr -----> [0.7538473952618736, 0.774147689442986, 0.7858425973223608, 0.7955604010332501, 0.8009416351121329, 0.807011365971613, 0.8140329469802081, 0.8201141875743456, 0.8200669465706725, 0.8206688480836068, 0.8277440730417909, 0.8290488359921788, 0.8326084137625662, 0.8336548172258418, 0.8367927582924879, 0.8371654512988831, 0.8368268300462028, 0.838643346856263, 0.8414006531347833, 0.84265383905217, 0.844515315849005, 0.8405314446204956, 0.8426012276195053, 0.8468103425204307, 0.8458937799839945, 0.8460080532595211, 0.8495613716074598, 0.8475270468604251, 0.8450171778266002, 0.8468453007314676, 0.8503243224078731, 0.8502944760849505, 0.8507082863036787, 0.8465552773134114, 0.8506615712727597, 0.8518400920376502, 0.8487533561416364, 0.8492798445910958, 0.8508807746330052, 0.8507012875954978]
test_auc_roc -----> [0.835477919981552]
test_auc_pr -----> [0.8139783821888227]
cm -----> [[201  56]
 [ 93 239]]
--------
