--------
epochs_index -----> 29
train_acc -----> [0.6381340622901917, 0.7047101259231567, 0.72214674949646, 0.7293931245803833, 0.7278079986572266, 0.7302989363670349, 0.7389039993286133, 0.7427536249160767, 0.7389039993286133, 0.73777174949646, 0.7429800629615784, 0.7361866235733032, 0.734375, 0.7454710006713867, 0.74660325050354, 0.745244562625885, 0.7511322498321533, 0.754755437374115, 0.7400362491607666, 0.7515851259231567, 0.7477355003356934, 0.7445651888847351, 0.7520380616188049, 0.7538496255874634, 0.7572463750839233, 0.7472826242446899, 0.7481883764266968, 0.7445651888847351, 0.754755437374115, 0.758152186870575]
test_acc -----> [0.7300509214401245]
val_acc -----> [0.7138009071350098, 0.7115384340286255, 0.7296379804611206, 0.7477375268936157, 0.7443438768386841, 0.75, 0.7533936500549316, 0.7613122463226318, 0.7556561231613159, 0.7466063499450684, 0.7443438768386841, 0.7579185366630554, 0.7635746598243713, 0.7556561231613159, 0.7375565767288208, 0.7635746598243713, 0.7590497732162476, 0.7432126402854919, 0.7567873597145081, 0.7556561231613159, 0.7703620195388794, 0.7658371329307556, 0.7398189902305603, 0.7692307829856873, 0.7647058963775635, 0.773755669593811, 0.773755669593811, 0.7692307829856873, 0.7613122463226318, 0.7511312365531921]
train_f1_score -----> [0.6380876564635543, 0.7047040829004154, 0.7221272270906007, 0.7293924309873224, 0.7277878094418322, 0.7302988942100944, 0.7388814719675003, 0.7427502411404497, 0.7388836145295095, 0.7377639884985049, 0.7429718298244461, 0.7361817054434886, 0.7343498072741748, 0.7454684512596441, 0.7465873372154371, 0.745233573190722, 0.7511254902205542, 0.7547544111219502, 0.7399913744900175, 0.7515569973163746, 0.7477081268238095, 0.7445350298548845, 0.7520370085305537, 0.7538114439585988, 0.7572336241519371, 0.7472784048533132, 0.7481850950951346, 0.7445563574882266, 0.7546920179574388, 0.7581424455225858]
test_f1_score -----> [0.726825634938147]
val_f1_score -----> [0.7136070286792499, 0.7008626921955566, 0.7289967844033938, 0.7471392587522367, 0.7431606828458848, 0.7499996750669841, 0.7526021958936169, 0.7609374609462358, 0.7551032921936605, 0.7457264907270672, 0.7430800915086634, 0.7578875647980194, 0.763414501079511, 0.7528616864290718, 0.734807767912353, 0.762904439929055, 0.7581805312388311, 0.7415454314128093, 0.7545177035695348, 0.7536384417951216, 0.7698669437927143, 0.7656784770977045, 0.7361673364858393, 0.7691350451426453, 0.7635427386895666, 0.7728440694194658, 0.7732437886969958, 0.7688888838789045, 0.7603156950681771, 0.7492780478260308]
train_loss -----> [0.6302705975654329, 0.5712620289861288, 0.549964725917233, 0.537755619275613, 0.536034854236936, 0.5366625742365919, 0.5304432775609305, 0.5235793022843809, 0.5261585533996854, 0.5250703591475453, 0.516715025556259, 0.5237533703068458, 0.5260200413294898, 0.5149236375438998, 0.5157147380860815, 0.5128879517694745, 0.5136498953823159, 0.5122539560863931, 0.5152360115578215, 0.5124084944364392, 0.5167732897983944, 0.5165692084347426, 0.5094027609253928, 0.508843956326229, 0.5085881115409774, 0.5129011068763079, 0.5120646778116195, 0.5162748579961667, 0.5063494055707376, 0.49520291590496274]
val_loss -----> [0.58026072356078, 0.568234947350648, 0.5345202611910329, 0.5193858322528033, 0.5165140811387485, 0.5088729516074466, 0.5078761158762752, 0.5072609888272244, 0.49728293153079756, 0.5071304517017831, 0.5051835280012439, 0.5014119729533929, 0.499620121744302, 0.5003397850034471, 0.5100431611409063, 0.4974800573812947, 0.4907226550417978, 0.5031258152411864, 0.5030675549227912, 0.5049902010071383, 0.49117663516117666, 0.4909151072974679, 0.5189455279090384, 0.49287740644570943, 0.5059221964161678, 0.49822402107823, 0.4941482079458665, 0.4874321281372964, 0.5018375752208468, 0.4898855378767387]
test_loss -----> [0.5499744894536763]
val_auc_roc -----> [0.7715264838967261, 0.8052174402653507, 0.8138167727933499, 0.8245454638520915, 0.8250419729325772, 0.8292136729387196, 0.8324640158882906, 0.8311689973587765, 0.8392462275547184, 0.833027067422862, 0.833672017362462, 0.8352587989598902, 0.8384528367560042, 0.8435151819168321, 0.8371475809258615, 0.838539853811347, 0.8443290473168035, 0.8373932761409473, 0.8407920599496325, 0.8443955897708892, 0.8430493847382322, 0.843100571241375, 0.8380791752830613, 0.8444416576237179, 0.8414370098892324, 0.8454039638828034, 0.8464276939456605, 0.8469958641305461, 0.8429265371306894, 0.8492071210663172]
val_auc_pr -----> [0.7590850207508079, 0.7898416154840671, 0.8004905233866236, 0.8068258830670909, 0.8093185494643607, 0.8136188956048613, 0.8191203412526786, 0.8096636456132988, 0.8218895813057143, 0.814587139369884, 0.8140743414625182, 0.8207874170115038, 0.8213289513718085, 0.8253520642978219, 0.8202369992382968, 0.8205262773390402, 0.8279524572464125, 0.8182392040122597, 0.8230294858003271, 0.8245271501692985, 0.8276983623011559, 0.8246245107093417, 0.8168484391266386, 0.8256388195075692, 0.8261345094410789, 0.8276117928275084, 0.8289253000349455, 0.8317294159800592, 0.8264845568677319, 0.833874366740979]
test_auc_roc -----> [0.8109650639916983]
test_auc_pr -----> [0.7958799553404936]
cm -----> [[183  48]
 [111 247]]
--------
