--------
epochs_index -----> 29
train_acc -----> [0.6116394996643066, 0.6709691882133484, 0.6947463750839233, 0.6999546885490417, 0.7056159377098083, 0.7053894996643066, 0.704483687877655, 0.7149003744125366, 0.7074275612831116, 0.7164855003356934, 0.720108687877655, 0.7176177501678467, 0.7013133764266968, 0.7232789993286133, 0.7146739363670349, 0.7185235619544983, 0.7203351259231567, 0.7185235619544983, 0.7219203114509583, 0.7223731875419617, 0.7167119383811951, 0.7069746255874634, 0.7230525612831116, 0.7189764380455017, 0.7144474387168884, 0.7255434989929199, 0.7241848111152649, 0.7273550629615784, 0.7164855003356934, 0.7144474387168884]
test_acc -----> [0.7215619683265686]
val_acc -----> [0.6776018142700195, 0.692307710647583, 0.6911764740943909, 0.6990950107574463, 0.6979637742042542, 0.6945701241493225, 0.6990950107574463, 0.7013574838638306, 0.6990950107574463, 0.7002262473106384, 0.6900452375411987, 0.6979637742042542, 0.6911764740943909, 0.692307710647583, 0.6979637742042542, 0.6990950107574463, 0.6968325972557068, 0.6945701241493225, 0.7047511339187622, 0.7024886608123779, 0.7036198973655701, 0.6968325972557068, 0.7013574838638306, 0.6990950107574463, 0.709276020526886, 0.7070135474205017, 0.7036198973655701, 0.7126696705818176, 0.7036198973655701, 0.7149321436882019]
train_f1_score -----> [0.60747237860894, 0.6708103682838924, 0.6947132460767339, 0.6999545666667514, 0.7056004781142567, 0.7052951722032996, 0.7044811296242162, 0.714889699154218, 0.7073900191613303, 0.7163569825562079, 0.7199923860964954, 0.7174261159471116, 0.7011035868812944, 0.7232208458381779, 0.7145445671412454, 0.7185183349842081, 0.7202917516369979, 0.7184829950333158, 0.7219091047775839, 0.7222726942906292, 0.7166997339485659, 0.7069091642420104, 0.7229546613866493, 0.7189472596074893, 0.714203577710607, 0.7253406588886882, 0.7241548464917544, 0.7272784858150808, 0.7164784654745893, 0.714356043004033]
test_f1_score -----> [0.7191127500375527]
val_f1_score -----> [0.6729882315129205, 0.6898933623368948, 0.6882945737816313, 0.6969715664522045, 0.6960027770344296, 0.6917871851133024, 0.6959433898001954, 0.6976415118153305, 0.6963533008156766, 0.6981679494903137, 0.6873551062153607, 0.6961123685981594, 0.688815471466921, 0.6892280282053322, 0.6956546917647031, 0.6968543679592479, 0.693657249911245, 0.6920480534891127, 0.7022512677801689, 0.7002141719632247, 0.7002303799665689, 0.6925775928971096, 0.6966605787221898, 0.6968543679592479, 0.7061622480861216, 0.704148016644228, 0.7003746431605522, 0.7097938201274335, 0.7010475830973738, 0.7118107252930913]
train_loss -----> [0.6616639094292257, 0.6198165666150006, 0.5972246902900322, 0.5830137096345418, 0.5814547290944535, 0.5800332208906398, 0.5767780719459925, 0.5654875119959099, 0.5685620274178789, 0.5616527336879054, 0.560865968816738, 0.5641084865977366, 0.5668721220901485, 0.5557431189910221, 0.5610378329790584, 0.5558192759104398, 0.5587641099548857, 0.5579346407582789, 0.5519865567971394, 0.5542315574551838, 0.5470819290241472, 0.5548474579185679, 0.5502034293730638, 0.5537069206112532, 0.558129892805996, 0.5456589012258295, 0.5448414522992528, 0.5482663564329997, 0.5595909453982454, 0.5593344534112927]
val_loss -----> [0.6483709903450697, 0.6274529064560795, 0.6171441437961814, 0.6062773232524461, 0.6003286092130986, 0.5933253877871744, 0.5899061238443531, 0.5883107421634433, 0.584833107284597, 0.5824913640280031, 0.5802596039600199, 0.5776757724113295, 0.5775336357387335, 0.5775612053033469, 0.5749361284144293, 0.5744306310877071, 0.5744430562397381, 0.5728448744829706, 0.5705504484541782, 0.5712771939264761, 0.5713561477961846, 0.5723823231082777, 0.5736906686881643, 0.5712503610967511, 0.5690881835447773, 0.5673618861683857, 0.5676928836483139, 0.5674473868834006, 0.5677978452798482, 0.5685078960818213]
test_loss -----> [0.567770466208458]
val_auc_roc -----> [0.7202273704469606, 0.7401491574701582, 0.7472845560082717, 0.7563240924632993, 0.7585660613009562, 0.7671961057308408, 0.7710606867181261, 0.7714855346942119, 0.7759592350688971, 0.7760001842714113, 0.7766963207141541, 0.7790560185090395, 0.7794655105341823, 0.7793119510247537, 0.780340799737925, 0.7811495464875822, 0.7821016154460391, 0.7840313466145248, 0.7863193833050102, 0.7833761593742962, 0.784236092627096, 0.7840006347126389, 0.7833966339755533, 0.7843896521365247, 0.7875632153313814, 0.7874608423250957, 0.7882184025716099, 0.7871281300546671, 0.7862886714031245, 0.788740504903667]
val_auc_pr -----> [0.6975848913570788, 0.7211090181386635, 0.7280321034846171, 0.738802570508676, 0.7406540488813126, 0.7546777839376146, 0.7537758324398223, 0.7558884599900443, 0.762610706679531, 0.7571609062347194, 0.7616854747074289, 0.7646096947877415, 0.7607115924644017, 0.7591885149882622, 0.7624796876437772, 0.7624712849040866, 0.7615563998287983, 0.7635987236572462, 0.7651664668235538, 0.76114944698617, 0.7627134126254969, 0.7657034093336317, 0.7615016092294321, 0.7571719923828468, 0.7667086194962618, 0.7690895238455202, 0.7701993947528356, 0.7692354428086589, 0.767334215474541, 0.76673987043803]
test_auc_roc -----> [0.7851723740343595]
test_auc_pr -----> [0.7587103001879192]
cm -----> [[185  55]
 [109 240]]
--------
