--------
epochs_index -----> 15
train_acc -----> [0.889078498293515, 0.9675767918088733, 0.9820819112627988, 0.9965870307167238, 0.9880546075085325, 0.985494880546075, 0.9880546075085329, 0.992320819112628, 0.9812286689419799, 0.9948805460750854, 0.9863481228668947, 0.9991467576791814, 0.9991467576791809, 0.9974402730375429, 0.9906143344709899, 0.9897610921501706]
test_acc -----> [0.9523809523809523]
val_acc -----> [0.9196428571428571, 0.898809523809524, 0.9285714285714288, 0.9226190476190476, 0.913690476190476, 0.9107142857142856, 0.9226190476190476, 0.8988095238095237, 0.9166666666666664, 0.9166666666666672, 0.919642857142857, 0.9136904761904758, 0.9226190476190474, 0.9226190476190478, 0.9196428571428568, 0.9136904761904759]
train_f1_score -----> [0.717243612521091, 0.8290914902169756, 0.8152120821921361, 0.840045496419416, 0.8364049958765645, 0.7966682826615143, 0.8302616513058396, 0.8593531508965354, 0.8412319094429567, 0.8589305927142583, 0.8595481776381594, 0.8566552799744026, 0.8555176237296174, 0.8445961220953742, 0.8451324457661783, 0.8339021516714067]
test_f1_score -----> [0.83571427575]
val_f1_score -----> [0.8039682439758598, 0.7943310562039197, 0.8149659765233641, 0.8123015772357802, 0.8057256138218604, 0.7392857051418654, 0.8226757268852379, 0.8061224391733817, 0.7630952286636905, 0.8043650695241404, 0.808333323360119, 0.8047618949732143, 0.8123015772953043, 0.822619037547619, 0.8027777679708995, 0.8161564526188005]
train_loss -----> [0.2576309636338212, 0.09410989570862402, 0.053431451468852045, 0.011760245589873392, 0.04246787553607585, 0.0530300077309167, 0.0660047181035731, 0.05300873587865015, 0.1307715728397592, 0.031507595865034106, 0.06621359443485644, 0.0013768080794239672, 0.0013038798526400558, 0.007943416077766224, 0.06190920713726775, 0.0764905995938132]
val_loss -----> [0.2742914477687789, 0.3996220049578076, 0.5236774640454899, 0.589978623478733, 0.9056864193625076, 1.0319855905131374, 1.1369696276122634, 1.4598232377596374, 1.1881717761468222, 1.232849858388327, 1.6361819735871417, 1.7963795861517937, 1.5446138513935266, 1.8789614343092418, 2.1101819378714928, 2.385916038142863]
test_loss -----> [1.1479861091371584]
cm -----> [[99  3]
 [ 5 61]]
--------
