--------
epochs_index -----> 39
train_acc -----> [0.6636247634887695, 0.7241086363792419, 0.7336587309837341, 0.7432088255882263, 0.743845522403717, 0.7525466680526733, 0.7521222233772278, 0.7538200616836548, 0.7688879370689392, 0.759337842464447, 0.7629456520080566, 0.7657045722007751, 0.7680390477180481, 0.7618845701217651, 0.7733446359634399, 0.7657045722007751, 0.7659168243408203, 0.7754669189453125, 0.7778013348579407, 0.7739813327789307, 0.7701612710952759, 0.774193525314331, 0.7754669189453125, 0.7780135869979858, 0.7752546668052673, 0.7752546668052673, 0.7775891423225403, 0.771010160446167, 0.7828947305679321, 0.7805602550506592, 0.7794991731643677, 0.7773768901824951, 0.7737690806388855, 0.7871392369270325, 0.7786502838134766, 0.7782257795333862, 0.7794991731643677, 0.7697368264198303, 0.7786502838134766, 0.7818335890769958]
test_acc -----> [0.7775891423225403]
val_acc -----> [0.7164685726165771, 0.735144317150116, 0.7436332702636719, 0.7453310489654541, 0.7419354915618896, 0.7419354915618896, 0.7538200616836548, 0.7521222233772278, 0.755517840385437, 0.7487266659736633, 0.7606111764907837, 0.7623090147972107, 0.7657045722007751, 0.7724957466125488, 0.7572156190872192, 0.7572156190872192, 0.7640067934989929, 0.7674023509025574, 0.774193525314331, 0.7707979679107666, 0.7657045722007751, 0.7707979679107666, 0.7657045722007751, 0.7758913636207581, 0.7707979679107666, 0.7792869210243225, 0.7691001892089844, 0.7758913636207581, 0.7775891423225403, 0.7826825380325317, 0.7707979679107666, 0.7809846997261047, 0.7724957466125488, 0.7707979679107666, 0.7707979679107666, 0.774193525314331, 0.7877758741378784, 0.774193525314331, 0.7775891423225403, 0.7826825380325317]
train_f1_score -----> [0.6636247676230468, 0.7240209487895974, 0.733471172838527, 0.7430688030178723, 0.743703270027096, 0.7524788591258058, 0.7519919485956252, 0.7536953842861794, 0.7688541166419325, 0.759196907042945, 0.762894822921363, 0.765557554549614, 0.7679562615903646, 0.7618014655867469, 0.7732119015800516, 0.7655947398998597, 0.7657674100041824, 0.7754228281977115, 0.7777323893358935, 0.7738512602555019, 0.7699888931057719, 0.7741036444898228, 0.7753988692209517, 0.7779588144452667, 0.7751387136840846, 0.7751708097120049, 0.777500582091446, 0.7708384262614276, 0.7828026895672837, 0.7804613884940992, 0.7794307091499254, 0.7772150662036645, 0.7737038652943626, 0.7870562632873737, 0.7785911253820038, 0.7780889844678851, 0.7793722622304515, 0.7696392165108844, 0.7786106740942592, 0.7817231503327298]
test_f1_score -----> [0.7775250006699186]
val_f1_score -----> [0.7162592077645193, 0.734739827312058, 0.743206912941317, 0.7453303304987894, 0.7416666616472487, 0.7419168807275394, 0.7537746052616531, 0.7519613674774023, 0.755483285641565, 0.7487085416285586, 0.7605863564487961, 0.7623028268164266, 0.7656714818634565, 0.7724426198161152, 0.7571708175329923, 0.7572156146686998, 0.764004065112001, 0.767399690001874, 0.7741831286850298, 0.7707979576223981, 0.7652112072606188, 0.7704777441826218, 0.7655903881108217, 0.7757458934004566, 0.7707556666201953, 0.7790059982118209, 0.7690994991823475, 0.7758751852326358, 0.7775660471241495, 0.7824561353289725, 0.7707741708538005, 0.7809746133852216, 0.7724793547824144, 0.7705836988195178, 0.7707318710724604, 0.7741518788919961, 0.7874793923880912, 0.7741701089891481, 0.7771548997466027, 0.7826317560168993]
train_loss -----> [0.6090300595719862, 0.5457882144708179, 0.535562025594994, 0.5236412147360457, 0.517507076415222, 0.5048626371120141, 0.5065230434232328, 0.5005001373626987, 0.4935125964859752, 0.4932703796919617, 0.4891328642141638, 0.4928952384177209, 0.48176305613311354, 0.4925986460595057, 0.483510269247413, 0.48359056490082886, 0.47867574103821753, 0.4760483356101, 0.47342023602568234, 0.4743164336286702, 0.4799531634220243, 0.47541203370067936, 0.47827800663096387, 0.47030280325530116, 0.47479822987560893, 0.47125697439514325, 0.47291676935396687, 0.4752267021021738, 0.4661473814012236, 0.4675591323138899, 0.47139277181418937, 0.46978332860006344, 0.46784331443354316, 0.4616030951130162, 0.4750472618889927, 0.4685878299543531, 0.4672976787532527, 0.4741659573261928, 0.46725456349564315, 0.4641910715246849]
val_loss -----> [0.5524918509496226, 0.5352326812776359, 0.5264822043277123, 0.5145970943409046, 0.5107495831073939, 0.5047256024302663, 0.49901336834237386, 0.4979110559498941, 0.49476085925424423, 0.4884626631801193, 0.48782939141666565, 0.48534443612034256, 0.4834863193131781, 0.48224825069711036, 0.4787653070446606, 0.48075752644925507, 0.47784275319930664, 0.47476331647988906, 0.4738193764477163, 0.47373739589710484, 0.4779290949573387, 0.4766328534161722, 0.4727979123189643, 0.4708500593095212, 0.4703278144871865, 0.46913381243074254, 0.467961852010843, 0.46733816511727677, 0.46661229230262125, 0.46413981109052094, 0.46514424399749654, 0.46531475858913895, 0.4651859034154868, 0.4694485996623297, 0.46521311756726863, 0.4622177584348498, 0.4615133815520518, 0.464806261497575, 0.4624132211949375, 0.4638737482396332]
test_loss -----> [0.47363801622712937]
val_auc_roc -----> [0.7977170529228641, 0.8112648449210192, 0.8177447250086475, 0.8242015450247896, 0.8295860717168223, 0.8304508243975556, 0.8360544217687076, 0.8389599907759715, 0.837876167416119, 0.8423959414274185, 0.8422921711057304, 0.8449094892194167, 0.846200853222645, 0.8459356624005534, 0.8495215035166609, 0.8481148391560013, 0.8502017756255045, 0.8526922633460164, 0.8538683269918136, 0.8527383834889888, 0.8527845036319612, 0.8537184365271533, 0.8549290902801798, 0.8548483800299782, 0.8554133517813904, 0.8561512740689496, 0.8563126945693532, 0.857327337714747, 0.8591606133979016, 0.8600023060071486, 0.8586187017179754, 0.8589991928974979, 0.859206733540874, 0.8585379914677735, 0.8588723625043237, 0.8609708290095699, 0.8613628502248357, 0.8598178254352589, 0.8613282601176064, 0.860255966793497]
val_auc_pr -----> [0.7890069103382775, 0.7995896669629288, 0.804192279673376, 0.8062104484736663, 0.8150774086760646, 0.8152666523134818, 0.8206867060324621, 0.8213950739268774, 0.8186092169736399, 0.8253307794028993, 0.8229329384909212, 0.8297983400808417, 0.8298130818848504, 0.8289004438170221, 0.8334330302582663, 0.8297124683480822, 0.8327467131507236, 0.8371047789213425, 0.8347377821293238, 0.8333636885409019, 0.8333462513995608, 0.8344538291452054, 0.8357363485896077, 0.8341809893884617, 0.8353152589222314, 0.8377224665794063, 0.838162741198067, 0.8386719840459944, 0.8397996919994885, 0.8411483561521254, 0.839092528619255, 0.8402401734872155, 0.8406915172912243, 0.8380689605667284, 0.8380955080363943, 0.8430091042825175, 0.8425464167626486, 0.8390964618745804, 0.8403061703356935, 0.8365014496702085]
test_auc_roc -----> [0.8570967369998845]
test_auc_pr -----> [0.85204422539789]
cm -----> [[224  60]
 [ 71 234]]
--------
