--------
epochs_index -----> 29
train_acc -----> [0.6211503744125366, 0.6782155632972717, 0.6947463750839233, 0.69972825050354, 0.707880437374115, 0.7094655632972717, 0.7051630616188049, 0.7164855003356934, 0.7099184989929199, 0.7198822498321533, 0.710597813129425, 0.7137681245803833, 0.7160326242446899, 0.7155796885490417, 0.7155796885490417, 0.7096920013427734, 0.7146739363670349, 0.7216938138008118, 0.7158061861991882, 0.7210144996643066, 0.7178441882133484, 0.7119565010070801, 0.7223731875419617, 0.7241848111152649, 0.7239583134651184, 0.7228260636329651, 0.7110507488250732, 0.7101449370384216, 0.7241848111152649, 0.7264492511749268]
test_acc -----> [0.6960950493812561]
val_acc -----> [0.6606335043907166, 0.6764705777168274, 0.6764705777168274, 0.6719456911087036, 0.6843891143798828, 0.6877828240394592, 0.6843891143798828, 0.6877828240394592, 0.6832579374313354, 0.6900452375411987, 0.685520350933075, 0.6889140009880066, 0.6900452375411987, 0.6968325972557068, 0.6968325972557068, 0.6889140009880066, 0.6889140009880066, 0.6866515874862671, 0.692307710647583, 0.7002262473106384, 0.6877828240394592, 0.6990950107574463, 0.6945701241493225, 0.6957013607025146, 0.7002262473106384, 0.692307710647583, 0.6990950107574463, 0.709276020526886, 0.7013574838638306, 0.7013574838638306]
train_f1_score -----> [0.6177417985877873, 0.6780848181943194, 0.694746121357298, 0.699555147381832, 0.7077423117841297, 0.7094512566447658, 0.7050459102337219, 0.7162689471580377, 0.709810960324117, 0.7198556793848343, 0.7104980002648587, 0.7137596562975856, 0.7157708938831068, 0.715540262195419, 0.7155682701471735, 0.7095918907351801, 0.7146589247875, 0.7216595658754925, 0.7157682443280025, 0.720931830806758, 0.7176753334609025, 0.7119559849911545, 0.7222678502911546, 0.7241736885741186, 0.7238828745644673, 0.7227304789155209, 0.7110421847276674, 0.7100135286037417, 0.724130398872886, 0.7263724342895597]
test_f1_score -----> [0.6900883850388402]
val_f1_score -----> [0.6521565718752285, 0.6699770209871498, 0.6690923891397671, 0.6644643107347836, 0.677737746408456, 0.6810966761927572, 0.6773026073130582, 0.6823124950750925, 0.6782763716715269, 0.6851704493155255, 0.678998924009095, 0.684799445298954, 0.6851704493155255, 0.6903402506535048, 0.6930603226755497, 0.6844623284791567, 0.6835587163434645, 0.6812573252254823, 0.6881559170925835, 0.696723715350327, 0.6817206945107626, 0.6940061892781638, 0.6895873600725475, 0.6919928400418469, 0.696723715350327, 0.686531356546833, 0.6938229117414896, 0.7058792256804876, 0.6977934271388506, 0.6961249950747692]
train_loss -----> [0.6558034698600356, 0.6149874566041906, 0.5939986985986648, 0.5813859495455802, 0.5789124443047293, 0.5721410162530945, 0.5652680111967991, 0.5648880204104857, 0.5637895159315378, 0.5609565662301106, 0.5662006256103091, 0.5646072474402802, 0.5568131820663159, 0.5501891431547158, 0.5573778390020571, 0.5615974791563945, 0.556984738811202, 0.5514617530710015, 0.5513095295029705, 0.5503003925786937, 0.5544833099550521, 0.5583769217727409, 0.5449319266160766, 0.549883495854295, 0.5524484484955888, 0.5436563386271396, 0.5564684347667987, 0.5620734671103783, 0.551057266395377, 0.5479331478422542]
val_loss -----> [0.6426161178597458, 0.6195264163317984, 0.6098612842259107, 0.6025881050406275, 0.5978191656035347, 0.5942424597503901, 0.5913364197219814, 0.588223716428688, 0.5871592510390927, 0.5836005087371344, 0.5858849429332459, 0.580502449123709, 0.582195624306395, 0.5838730037212373, 0.5790841337796804, 0.5797331142532931, 0.5802223287724162, 0.5799172101794061, 0.5774077977146111, 0.5744632887947666, 0.5780744923127669, 0.577782526209548, 0.5779960990489066, 0.5784627993901573, 0.5771202120158051, 0.5789792513525164, 0.5783245912543287, 0.5754270140115204, 0.5749541112968517, 0.5746062655706662]
test_loss -----> [0.5872937634184553]
val_auc_roc -----> [0.7274958538932453, 0.7526796134395283, 0.7587452140619562, 0.7627889478102414, 0.7681788865911836, 0.7691155995986979, 0.7709429577608976, 0.7723710611985832, 0.7702417026678405, 0.7746027927356116, 0.7725271800331689, 0.77507882721484, 0.7736404864765258, 0.7753859462336972, 0.7765785917569256, 0.7758363874613542, 0.77647621875064, 0.7765939477078684, 0.7788256792448968, 0.7812672754448107, 0.7798442906574394, 0.7775664912675825, 0.7770392702852114, 0.7756111668475257, 0.7756828279519257, 0.7782319158084396, 0.7766195409594397, 0.7780476443971254, 0.7795013410863824, 0.7837088716447247]
val_auc_pr -----> [0.7018451800202314, 0.7301353456173167, 0.7339094514268386, 0.7373508564502149, 0.7382119034636602, 0.7404450960109397, 0.7418829569323122, 0.7435073865835697, 0.7423387374901758, 0.7456171806590199, 0.7425154938747691, 0.7512937821152395, 0.7530354507171226, 0.7518929807552218, 0.7553723209273113, 0.7529110357948068, 0.7511704841517288, 0.7529260869130869, 0.7550092574147715, 0.7593652260281568, 0.7587598389059321, 0.7576320224332056, 0.7573620853538531, 0.7536856314441218, 0.7553414457843703, 0.7528433560109079, 0.7505021007910097, 0.7561817362774477, 0.7553896567758149, 0.7606450556481679]
test_auc_roc -----> [0.7707137092124986]
test_auc_pr -----> [0.7458016176979291]
cm -----> [[164  49]
 [130 246]]
--------
