--------
epochs_index -----> 15
train_acc -----> [0.6638225255972694, 0.7551194539249146, 0.7935153583617749, 0.7832764505119455, 0.7824232081911261, 0.8156996587030719, 0.840443686006826, 0.81740614334471, 0.8327645051194538, 0.8344709897610917, 0.8148464163822521, 0.8310580204778159, 0.8404436860068252, 0.8293515358361773, 0.8361774744027306, 0.8165529010238906]
test_acc -----> [0.886904761904762]
val_acc -----> [0.7886904761904759, 0.7946428571428571, 0.8541666666666664, 0.8273809523809521, 0.8154761904761904, 0.8244047619047618, 0.8541666666666667, 0.8005952380952382, 0.8630952380952378, 0.8303571428571428, 0.8184523809523808, 0.851190476190476, 0.7857142857142858, 0.8690476190476188, 0.8363095238095238, 0.857142857142857]
train_f1_score -----> [0.24960181680845675, 0.4846416317221274, 0.6075085245501144, 0.6088737122705161, 0.619795213888908, 0.6499431089368789, 0.709783836422962, 0.6759954408041338, 0.6935153496933256, 0.689078489786879, 0.6740614251469286, 0.693742881055783, 0.7153583528568263, 0.6976109129115282, 0.7266211512716527, 0.6761092066039625]
test_f1_score -----> [0.7807256145282098]
val_f1_score -----> [0.6269841188255952, 0.6051587223941801, 0.7238095149208339, 0.7243764085473895, 0.7291383132438843, 0.6767573614135274, 0.7450113287659742, 0.7209750479931257, 0.7533446620353528, 0.7131519187157935, 0.6885487444054099, 0.719501125057725, 0.6963718737769885, 0.7552154104285579, 0.7075963632273674, 0.7346938686756969]
train_loss -----> [0.5986714853361608, 0.5139469576573621, 0.4662662669253431, 0.4735843162386085, 0.44895444708676074, 0.4344124953189401, 0.39044663915251715, 0.41164170289507496, 0.3900638655997786, 0.3908787591974071, 0.40753254492738566, 0.375046377728213, 0.3775872465337503, 0.3927093244733051, 0.36197078105939523, 0.40522828876158484]
val_loss -----> [0.563151801271098, 0.5024283169990494, 0.44854863857229527, 0.4640700394908587, 5.589829180389643, 0.5088815203912203, 0.4636520211185727, 16.157546141495313, 88.29347301451934, 172.68296375675573, 3.2457084063263175, 0.41505836384991784, 13.079881799008163, 0.368813294473858, 0.39141632616519934, 0.3542746955617552]
test_loss -----> [0.3205163391927878]
cm -----> [[87  2]
 [17 62]]
--------
