--------
epochs_index -----> 29
train_acc -----> [0.6200181245803833, 0.686141312122345, 0.6999546885490417, 0.6992753744125366, 0.7015398740768433, 0.7101449370384216, 0.7087862491607666, 0.7083333134651184, 0.7239583134651184, 0.7203351259231567, 0.7119565010070801, 0.7259963750839233, 0.7348278760910034, 0.7332427501678467, 0.7212409377098083, 0.7232789993286133, 0.7312046885490417, 0.7287137508392334, 0.7271286249160767, 0.7232789993286133, 0.7298460006713867, 0.7325633764266968, 0.7293931245803833, 0.7278079986572266, 0.7420742511749268, 0.7348278760910034, 0.7314311861991882, 0.7323369383811951, 0.7364130616188049, 0.7305253744125366]
test_acc -----> [0.6876060962677002]
val_acc -----> [0.639140248298645, 0.668552041053772, 0.6753393411636353, 0.6821267008781433, 0.6900452375411987, 0.6900452375411987, 0.6889140009880066, 0.6821267008781433, 0.6900452375411987, 0.6889140009880066, 0.6889140009880066, 0.6877828240394592, 0.6866515874862671, 0.6934388875961304, 0.6934388875961304, 0.6957013607025146, 0.6979637742042542, 0.6957013607025146, 0.6900452375411987, 0.6900452375411987, 0.6945701241493225, 0.6957013607025146, 0.7002262473106384, 0.6968325972557068, 0.7013574838638306, 0.7024886608123779, 0.709276020526886, 0.7002262473106384, 0.7002262473106384, 0.7013574838638306]
train_f1_score -----> [0.6189111762805417, 0.6860794200971585, 0.6999399183667132, 0.6992595654429288, 0.701526075096137, 0.7101234579666114, 0.7086857812055865, 0.7082681634572561, 0.723841059188109, 0.7201769408443447, 0.7117507031087797, 0.725850110223957, 0.7347896917327492, 0.7330830999011606, 0.7211424269885425, 0.7230944436008983, 0.7311352039112617, 0.728660277298625, 0.7270694864448879, 0.7232278868826199, 0.7298070899634395, 0.7323755386024908, 0.7291691112106466, 0.7277471522091105, 0.7420183773697095, 0.7346351947076006, 0.7313674575161437, 0.7322841800390998, 0.736191397145084, 0.7305009793406196]
test_f1_score -----> [0.6777516067397955]
val_f1_score -----> [0.6337747529539369, 0.6620085110343341, 0.6695507832718981, 0.676057453531921, 0.6851704493155255, 0.6849886543690114, 0.6831726991899681, 0.675210340083465, 0.6849886543690114, 0.6833674750543679, 0.6819290931593825, 0.6828724234341927, 0.6821675090859094, 0.6873867112015508, 0.688161498579429, 0.6908267029920314, 0.6923894932520096, 0.6910034710083233, 0.6836176444562287, 0.6849886543690114, 0.6892187450749307, 0.6908267029920314, 0.6945025804525836, 0.6927418594154331, 0.6968323861496188, 0.6968082213176663, 0.7051157030183817, 0.6959364254453928, 0.6941100533146272, 0.6959397083408607]
train_loss -----> [0.6556682821525172, 0.6089882681659177, 0.5914537616182075, 0.5824846568098966, 0.5764986436436141, 0.5701700677366359, 0.5657864218118827, 0.5705542619461607, 0.557778468976418, 0.5516815849350412, 0.552327141975579, 0.5492920311356803, 0.5396166761284286, 0.547405604165102, 0.5541424234060282, 0.5490845600817945, 0.5480653947570189, 0.5471613002212156, 0.5459655064927493, 0.5462728741484283, 0.5421740610314456, 0.5467858465685365, 0.5361630097031591, 0.5432956332097879, 0.5355112516199771, 0.5364547784075788, 0.5419431584684749, 0.5393124506201435, 0.5310398841519719, 0.5412755878237278]
val_loss -----> [0.6491877718551737, 0.6297519958771026, 0.6161865661810112, 0.6095965225417334, 0.6033745523508602, 0.5990205581660744, 0.5950501067144374, 0.5939358918516483, 0.5896645719940594, 0.5874953310231904, 0.5906509099242927, 0.5842258181120898, 0.5819142979007583, 0.5851000681653755, 0.5826687450344499, 0.5781628419687079, 0.5802514268471313, 0.5765115688512992, 0.5794473650219204, 0.5784359716617311, 0.575091466710374, 0.5711831737745989, 0.573906270770339, 0.5697220212167449, 0.57131204492337, 0.5712213945818376, 0.5691222379336485, 0.5667936133371819, 0.5705931616259053, 0.568457741726626]
test_loss -----> [0.6113404881309819]
val_auc_roc -----> [0.7050352163141623, 0.7292976188038738, 0.7441007555127863, 0.7525567658319854, 0.7554436846092423, 0.7602040294015273, 0.7642938310026413, 0.7662849859748981, 0.7686856329722979, 0.7715316025470405, 0.7687061075735551, 0.7739220122438114, 0.77482801334944, 0.7743724534714685, 0.7760718453758113, 0.7799517823140394, 0.7776227964210398, 0.7808270715177822, 0.7793221883253824, 0.778150017403411, 0.7815641571630392, 0.7850653139780103, 0.7833505661227248, 0.7848656866157532, 0.7844101267377818, 0.7866341802993387, 0.7864473495628674, 0.7881160295653242, 0.7882798263753814, 0.7900662353350668]
val_auc_pr -----> [0.6703172017032939, 0.6931774059503448, 0.7097177976855689, 0.7184929477686572, 0.7202385204910547, 0.7263465687323969, 0.7332756080420241, 0.7365641551619583, 0.7396287677566784, 0.7433869912799225, 0.7416637020152416, 0.7506713351019145, 0.7498305625189239, 0.751228827733277, 0.7532713880132849, 0.7624634984538782, 0.7589320761232512, 0.7631904582144666, 0.7582267654542778, 0.7571672515758792, 0.7599844769204875, 0.7631807297473228, 0.7646464163858072, 0.7641666608992403, 0.7649541384858126, 0.7639386570839845, 0.766017488931767, 0.7688062946012132, 0.7668136654671739, 0.7708483237968016]
test_auc_roc -----> [0.7422114608555287]
test_auc_pr -----> [0.700854798518155]
cm -----> [[151  41]
 [143 254]]
--------
