--------
epochs_index -----> 39
train_acc -----> [0.5829796195030212, 0.6494057774543762, 0.6634125709533691, 0.6774193644523621, 0.6623514294624329, 0.6744481921195984, 0.6884549856185913, 0.6910017132759094, 0.685908317565918, 0.6869694590568542, 0.6850594282150269, 0.6920627951622009, 0.6878183484077454, 0.6918506026268005, 0.6967317461967468, 0.6926994919776917, 0.6878183484077454, 0.6820882558822632, 0.6897283792495728, 0.689091682434082, 0.696943998336792, 0.6939728260040283, 0.6931239366531372, 0.6939728260040283, 0.6910017132759094, 0.691426157951355, 0.6935483813285828, 0.6999151110649109, 0.6867572069168091, 0.6941850781440735, 0.6907894611358643, 0.6893039345741272, 0.6973684430122375, 0.6842105388641357, 0.6980050802230835, 0.6943972706794739, 0.6950339674949646, 0.6882427930831909, 0.6941850781440735, 0.6922750473022461]
test_acc -----> [0.7130730152130127]
val_acc -----> [0.6247877478599548, 0.6655347943305969, 0.6553480625152588, 0.6842105388641357, 0.6842105388641357, 0.6960950493812561, 0.6977928876876831, 0.7011884450912476, 0.7079796195030212, 0.7113752365112305, 0.7045840620994568, 0.7181664109230042, 0.7096773982048035, 0.7130730152130127, 0.7164685726165771, 0.7130730152130127, 0.7266553640365601, 0.7283531427383423, 0.7249575257301331, 0.7096773982048035, 0.7266553640365601, 0.6960950493812561, 0.7266553640365601, 0.7232597470283508, 0.7198641896247864, 0.7232597470283508, 0.7147707939147949, 0.7266553640365601, 0.7096773982048035, 0.7283531427383423, 0.7232597470283508, 0.7011884450912476, 0.7249575257301331, 0.7385398745536804, 0.7317487001419067, 0.7300509214401245, 0.7300509214401245, 0.7266553640365601, 0.7113752365112305, 0.7300509214401245]
train_f1_score -----> [0.5826668322837264, 0.6493915555222342, 0.6633650114881235, 0.6773397708682914, 0.6623206403727305, 0.6743130261402657, 0.6884170571555737, 0.6909891669852183, 0.6857370494354221, 0.6868983475137709, 0.6849393132438975, 0.6920347256318677, 0.6876572709064911, 0.6917661276856706, 0.6966904198591843, 0.692664880438653, 0.68778726870721, 0.6820055553473665, 0.6896961479012915, 0.6890829236768734, 0.6967472894599904, 0.6939410705701696, 0.6929911355846425, 0.6939163639915396, 0.6909481865912861, 0.6913885565627746, 0.693455547340367, 0.6998328542406537, 0.686738925368672, 0.6940946589804973, 0.6907068760812884, 0.6892768062125688, 0.697285466907501, 0.6841447410870312, 0.6978973118882895, 0.6943336202454107, 0.6949893180492923, 0.6881160055153276, 0.6941402973758137, 0.6922146529753884]
test_f1_score -----> [0.7125128110558924]
val_f1_score -----> [0.6213650923955281, 0.6655193734817325, 0.6540556912002367, 0.6837282566077743, 0.6840055791224765, 0.6945418991199439, 0.6961735471883337, 0.6981597900412658, 0.7075336562684413, 0.711134569975501, 0.6991722388163732, 0.7178728019978368, 0.7093422859256814, 0.7114628122267974, 0.7148774534429649, 0.7106408287260809, 0.7248278473772065, 0.7267582061745316, 0.7239829164029203, 0.7055180772704603, 0.7264534875434394, 0.6859228096948924, 0.725630374739993, 0.7226329409004855, 0.7188137382121973, 0.7232565664320287, 0.7133819901329239, 0.7263398127693607, 0.7042208801264578, 0.7261356717715539, 0.7214095598291184, 0.6948330222616412, 0.7234837896875124, 0.7383702098057241, 0.7288403213689943, 0.7297393181383278, 0.7297393181383278, 0.7229628021954426, 0.7055277101172244, 0.7298515808033876]
train_loss -----> [0.6682510673493808, 0.6319725186088084, 0.6133261447446654, 0.6007130744602974, 0.606427232356954, 0.6005369537653867, 0.5930043500429094, 0.5911253162980685, 0.5928677692882884, 0.5893989695656688, 0.5873529279576097, 0.5869403765339188, 0.5826405618206961, 0.5810877521647266, 0.5782519154921041, 0.5766774063806585, 0.5805435762543018, 0.5820393977727879, 0.5804047660430948, 0.5818819250841909, 0.5744633868412574, 0.5770488603005782, 0.5769594883220508, 0.5863076260468352, 0.5782282270984463, 0.5772252926802194, 0.5766177954617101, 0.5803796651003114, 0.5788190421254613, 0.5756901237980832, 0.5797941222508612, 0.5746294359197434, 0.5756993769132023, 0.5862552670600667, 0.5763029750113984, 0.5770982727281911, 0.581734166029961, 0.580237642537758, 0.5753082419241227, 0.578525228821159]
val_loss -----> [0.6530427699153489, 0.6252220317318633, 0.6143034092477851, 0.604203260830931, 0.602452162955258, 0.5926766359322775, 0.5934939001863067, 0.5902022546207585, 0.584515070995769, 0.5792318785915505, 0.5910988570870581, 0.571656132469306, 0.5740654295360722, 0.5745738382275042, 0.5739258076693559, 0.5722683946023119, 0.5716234530146059, 0.5666191088589461, 0.5666887027186314, 0.5829492994659656, 0.5644812793345063, 0.5951911033810797, 0.5631098503599297, 0.5621084194328334, 0.5640744007117041, 0.5640548681085176, 0.5696082356813789, 0.5640636825480978, 0.5861718046504102, 0.5717342330797301, 0.5647639966494328, 0.5806346865924631, 0.5615994195277627, 0.5561053027977816, 0.5677244202107995, 0.5597678334326357, 0.5582620797527803, 0.5648483982360041, 0.5788251463625881, 0.5587730292935629]
test_loss -----> [0.5512243910013017]
val_auc_roc -----> [0.6743110803643492, 0.7168107921134557, 0.7354202698028365, 0.7463392136515624, 0.7479072985126254, 0.759829355471002, 0.7608209385449095, 0.7676582497405742, 0.7693762250662978, 0.7710711403205349, 0.7755332641531189, 0.77961489680618, 0.77961489680618, 0.7804450593796841, 0.7813328721319036, 0.7852876743917907, 0.785529805142396, 0.789380837080595, 0.7885276144356047, 0.783558169030324, 0.7858411161074599, 0.7858180560359738, 0.7870863599677158, 0.7913178830854375, 0.7884238441139167, 0.7861870171797534, 0.7849302432837542, 0.7875706214689265, 0.7856451054998271, 0.787224720396633, 0.792816787732042, 0.7931742188400784, 0.7925400668742073, 0.7951458549521504, 0.7950305545947193, 0.7930589184826472, 0.793762250662977, 0.7966447595987549, 0.7945808832007379, 0.7928283177677851]
val_auc_pr -----> [0.6321526962127278, 0.6703084845284026, 0.6844412231169716, 0.6946687035378685, 0.6956387876924515, 0.7097014381635551, 0.7104204376872988, 0.7185095236128259, 0.71837103721421, 0.7211395598773593, 0.7258513006662864, 0.7352060146525159, 0.730952193501395, 0.732065597088784, 0.7356921787641609, 0.7399382101149585, 0.7402268634329026, 0.7440901201681543, 0.7422148032492405, 0.7340545341954146, 0.7387723549099897, 0.7417121582413644, 0.745683846073421, 0.7461370010806596, 0.7482217750746263, 0.7430619157719767, 0.7390307160164902, 0.7458865709247218, 0.7416028550116579, 0.7415467884231465, 0.7492488326015326, 0.7469340327044313, 0.7509596880981957, 0.7506309527233284, 0.7517580259397788, 0.7495449479136542, 0.751094667098272, 0.7543458152705453, 0.7510960048655531, 0.7510428657866743]
test_auc_roc -----> [0.7952150351666092]
test_auc_pr -----> [0.7872081665358721]
cm -----> [[197  71]
 [ 98 223]]
--------
