--------
epochs_index -----> 39
train_acc -----> [0.6810271739959717, 0.7249575257301331, 0.7340831756591797, 0.7442699670791626, 0.7493633031845093, 0.7553055882453918, 0.7514855861663818, 0.7540322542190552, 0.7597622871398926, 0.7608234286308289, 0.7631579041481018, 0.7676146030426025, 0.7775891423225403, 0.7665534615516663, 0.7699490785598755, 0.7680390477180481, 0.7707979679107666, 0.7691001892089844, 0.772707998752594, 0.7729201912879944, 0.7733446359634399, 0.7731324434280396, 0.7848047614097595, 0.7771646976470947, 0.7797113656997681, 0.7767402529716492, 0.7763158082962036, 0.7805602550506592, 0.7809846997261047, 0.7782257795333862, 0.7716468572616577, 0.7850169539451599, 0.778862476348877, 0.7778013348579407, 0.7799236178398132, 0.7841680645942688, 0.7807725071907043, 0.7775891423225403, 0.782045841217041, 0.7767402529716492]
test_acc -----> [0.7334465384483337]
val_acc -----> [0.7147707939147949, 0.7113752365112305, 0.7181664109230042, 0.7266553640365601, 0.7317487001419067, 0.7215619683265686, 0.7368420958518982, 0.7283531427383423, 0.7436332702636719, 0.7504244446754456, 0.7487266659736633, 0.7419354915618896, 0.7436332702636719, 0.7538200616836548, 0.7419354915618896, 0.7436332702636719, 0.7521222233772278, 0.7623090147972107, 0.7470288872718811, 0.7470288872718811, 0.7538200616836548, 0.755517840385437, 0.7521222233772278, 0.755517840385437, 0.755517840385437, 0.755517840385437, 0.7606111764907837, 0.7538200616836548, 0.7623090147972107, 0.755517840385437, 0.7657045722007751, 0.7589133977890015, 0.7572156190872192, 0.7589133977890015, 0.7674023509025574, 0.7623090147972107, 0.7606111764907837, 0.7640067934989929, 0.7623090147972107, 0.7640067934989929]
train_f1_score -----> [0.681027030386802, 0.724857173539855, 0.733983971236642, 0.7441786786611754, 0.7492656508801565, 0.7552672282635362, 0.7514439081472215, 0.753979498635625, 0.759744990615419, 0.760772126662854, 0.763078969214338, 0.7675316618952004, 0.7775530614304645, 0.7664565362342577, 0.7698891988820604, 0.7679833571744628, 0.7707502139332572, 0.7690267624788608, 0.7726339880670119, 0.7728833738937716, 0.7732887322539302, 0.7730837649622067, 0.7847077832040394, 0.7771126405981461, 0.779612109552111, 0.7767257117278799, 0.7762864032847748, 0.7804362196732486, 0.7809277241569496, 0.7781602475041804, 0.7715776780451732, 0.7849708640098576, 0.778810829964994, 0.7777323893358935, 0.7798790901869832, 0.7840978203492155, 0.7806942524452872, 0.7775312548415991, 0.781996339427288, 0.7766937267756451]
test_f1_score -----> [0.7333696582896134]
val_f1_score -----> [0.714769970762712, 0.7112745047812075, 0.7175729025065007, 0.726652191322132, 0.7316551276185199, 0.7212075682899834, 0.7367662230886312, 0.7283460885091326, 0.7433936192756112, 0.7500757663345301, 0.7481160375211404, 0.7418454390368587, 0.7436332717150015, 0.7534106115651735, 0.7418990240119725, 0.7435593526855124, 0.7520643474150663, 0.7623083081298858, 0.746675436691908, 0.7469559174833761, 0.7538171904419215, 0.7547479651037918, 0.7520643474150663, 0.7555002025298662, 0.7555114791548294, 0.7555002025295778, 0.7593877518770396, 0.7537178020971488, 0.7621931474317198, 0.7555114791548294, 0.7656228323463161, 0.7589127126037126, 0.7571147978615742, 0.7589071529857144, 0.7671338771981249, 0.7622260618735366, 0.760608440222013, 0.764004065112001, 0.7623083081298858, 0.7639387414761563]
train_loss -----> [0.6065594729776089, 0.545768541573264, 0.5315472793042765, 0.5188871650926523, 0.5114899978218743, 0.5081848753885025, 0.5053484745209817, 0.5024546232510905, 0.49646544704412954, 0.49766964808182274, 0.49280124270248116, 0.49117493839437926, 0.47844863426199613, 0.4853256007052442, 0.48028595758213066, 0.48920672126304104, 0.4846450583361004, 0.47856135358986507, 0.4771550910733955, 0.4810487711343581, 0.48505558956458705, 0.47698090102757573, 0.4730551243207853, 0.47185655523894826, 0.47084517382300356, 0.4695530295726193, 0.47454944466745147, 0.46785209556892865, 0.4676996427754191, 0.46923469353612673, 0.46974242467224464, 0.466570061212485, 0.4658195885919753, 0.4677278321799275, 0.4728819370674564, 0.46602688589353064, 0.4692461984469246, 0.468343628067618, 0.467738683893644, 0.4674735380200658]
val_loss -----> [0.5647998782428534, 0.5452767380991499, 0.5305364758178996, 0.5214183980951439, 0.5127947362693579, 0.5189959650506845, 0.5061525609847662, 0.5025479145146705, 0.49728832977849097, 0.4959192286069329, 0.49450416178316703, 0.49253624758204884, 0.48956861246276545, 0.4890068429144653, 0.48507384190688263, 0.4839731011841748, 0.4811272852726885, 0.47909577855387253, 0.4848710213964051, 0.48051096740606664, 0.47956499014351817, 0.47919670814597937, 0.47553175184372315, 0.47443969285971427, 0.47224139542998494, 0.4707429942649765, 0.4775832458525091, 0.47211693871665644, 0.4684541007956942, 0.4733998923486955, 0.4683280808700097, 0.46895165701170227, 0.4691552495634233, 0.4673679813339904, 0.4686492518395991, 0.46729443504198176, 0.46765035874134797, 0.46516518778092153, 0.4670127358388257, 0.46632478668077565]
test_loss -----> [0.5258515972543409]
val_auc_roc -----> [0.777839271301741, 0.7967369998846996, 0.8100196010607633, 0.8153580076098236, 0.8224259195203505, 0.8214112763749568, 0.8280295168915025, 0.8316268880433529, 0.8350513086590567, 0.8358584111610746, 0.8388446904185403, 0.8380952380952381, 0.8392943618125216, 0.8410238671739881, 0.8437564856451055, 0.844125446788885, 0.8465698143664244, 0.847976478727084, 0.8459702525077827, 0.8474922172258734, 0.8463622737230485, 0.848599100657212, 0.8490833621584227, 0.8500980053038163, 0.8527729735962182, 0.8525308428456128, 0.8526461432030439, 0.8531534647757407, 0.8555517122103079, 0.8508013374841461, 0.8558284330681425, 0.8551827510665283, 0.8537530266343825, 0.8558399631038855, 0.855770782889427, 0.8560705638187478, 0.854836849994235, 0.8568084861063068, 0.8553211114954457, 0.8564395249625274]
val_auc_pr -----> [0.7552041925780406, 0.7767033524418039, 0.7891653794851105, 0.7967655397417743, 0.802472452991503, 0.8014963881890173, 0.809240805741161, 0.8135405327508799, 0.8158392950528435, 0.8168770535578911, 0.8176047920280916, 0.8166444362256848, 0.819207719946449, 0.8204966671121579, 0.823620154714399, 0.8258659997339475, 0.8282005424200848, 0.8306550280605667, 0.827999589510208, 0.8291446805982426, 0.8298655105557242, 0.832211009298303, 0.8330052321560008, 0.8332819196586811, 0.8357734964601382, 0.8369629519321165, 0.8372197807173802, 0.838581360029808, 0.8392576279908697, 0.8343135426333245, 0.8379039678084808, 0.8361139802523277, 0.8351536638431547, 0.8380618624161162, 0.838354666485261, 0.838733902479134, 0.8383805170351152, 0.8402764979774568, 0.8389939071324622, 0.8392824601233845]
test_auc_roc -----> [0.8189669087974173]
test_auc_pr -----> [0.8084591638797117]
cm -----> [[211  74]
 [ 83 221]]
--------
