--------
epochs_index -----> 15
train_acc -----> [0.6561433447098977, 0.7226962457337882, 0.7781569965870307, 0.7824232081911262, 0.7883959044368601, 0.8071672354948809, 0.8097269624573378, 0.8148464163822525, 0.8063139931740613, 0.813993174061433, 0.8174061433447102, 0.848976109215017, 0.8182593856655292, 0.8148464163822526, 0.8430034129692834, 0.8319112627986347]
test_acc -----> [0.8809523809523808]
val_acc -----> [0.7559523809523808, 0.7678571428571428, 0.8124999999999998, 0.8392857142857144, 0.8273809523809522, 0.8214285714285715, 0.8303571428571428, 0.8363095238095238, 0.857142857142857, 0.8392857142857142, 0.8392857142857142, 0.8125, 0.8601190476190474, 0.8482142857142855, 0.8333333333333335, 0.8273809523809527]
train_f1_score -----> [0.1762229782709518, 0.3934015873881494, 0.5458475468349637, 0.56564276858832, 0.5923126853767264, 0.6526734842230377, 0.6197952140611871, 0.6666666582399132, 0.6500568746143159, 0.6660328211638706, 0.66439134559416, 0.7201365100167049, 0.659921981072834, 0.6889647239719947, 0.6949943033079062, 0.702389069797649]
test_f1_score -----> [0.7261904671924602]
val_f1_score -----> [0.3777777727268518, 0.4865079302683863, 0.5011904698343256, 0.6444444365395507, 0.6015872940552253, 0.683900218426358, 0.6650793569102517, 0.6726757286034919, 0.7219954560067154, 0.6800453430842105, 0.6276643913113932, 0.7017573610156435, 0.7124716465533417, 0.6633786765407584, 0.6866779960837655, 0.6141723280170812]
train_loss -----> [0.6209262995996576, 0.5583823754518912, 0.5130266614334581, 0.4891819940187012, 0.47351652190546956, 0.4570669642690915, 0.44702967238507585, 0.42300779390253684, 0.43443485679988564, 0.43104398916809233, 0.41105326054039265, 0.3954675175224147, 0.4083589164877102, 0.39805737301808974, 0.3950648383831819, 0.3895523134402854]
val_loss -----> [0.6252248744879452, 0.6175982508630982, 0.5142448831881796, 0.5518293934209006, 0.5357407349206152, 0.5295284543009028, 0.5079218326579958, 0.4915184587949799, 0.46276496120152016, 0.4161816718322891, 0.443455175629684, 0.46190209846411434, 0.4352657906711101, 0.45383739746397467, 0.4610321665448802, 0.41766219754658995]
test_loss -----> [0.38591537376244867]
cm -----> [[97 13]
 [ 7 51]]
--------
