--------
epochs_index -----> 39
train_acc -----> [0.6436757445335388, 0.7219864130020142, 0.7332342863082886, 0.7466044425964355, 0.7459677457809448, 0.7633700966835022, 0.7587012052536011, 0.7680390477180481, 0.7646434903144836, 0.7652801275253296, 0.7650679349899292, 0.7654923796653748, 0.772707998752594, 0.7718591094017029, 0.7691001892089844, 0.7767402529716492, 0.7775891423225403, 0.7792869210243225, 0.7790747284889221, 0.7792869210243225, 0.7826825380325317, 0.784380316734314, 0.7763158082962036, 0.7848047614097595, 0.7780135869979858, 0.7801358103752136, 0.7803480625152588, 0.787563681602478, 0.7879881262779236, 0.7811969518661499, 0.7920203804969788, 0.7837436199188232, 0.7854413986206055, 0.7807725071907043, 0.791383683681488, 0.7949914932250977, 0.7884125709533691, 0.7901103496551514, 0.7918081283569336, 0.7862903475761414]
test_acc -----> [0.7623090147972107]
val_acc -----> [0.7164685726165771, 0.7436332702636719, 0.7572156190872192, 0.7623090147972107, 0.774193525314331, 0.7657045722007751, 0.7724957466125488, 0.7724957466125488, 0.7775891423225403, 0.7792869210243225, 0.7691001892089844, 0.7860780954360962, 0.7724957466125488, 0.7792869210243225, 0.7809846997261047, 0.7792869210243225, 0.784380316734314, 0.7911714911460876, 0.7826825380325317, 0.7894737124443054, 0.784380316734314, 0.784380316734314, 0.784380316734314, 0.7792869210243225, 0.784380316734314, 0.7826825380325317, 0.784380316734314, 0.7928692698478699, 0.7860780954360962, 0.7911714911460876, 0.7928692698478699, 0.7928692698478699, 0.7877758741378784, 0.7928692698478699, 0.7894737124443054, 0.7979626655578613, 0.7979626655578613, 0.7979626655578613, 0.7996604442596436, 0.7979626655578613]
train_f1_score -----> [0.6435308198166776, 0.721861141496924, 0.7331347580722014, 0.7464053981646288, 0.745846297337398, 0.7630432743286832, 0.7585087883412136, 0.767825210334438, 0.764547752427299, 0.7650727450788922, 0.764826398510662, 0.7653109601353678, 0.7724011772513668, 0.7716546127607161, 0.7688843188703486, 0.7765804787307176, 0.7773812187280722, 0.7791990508922573, 0.7788766992687568, 0.7791621552129468, 0.7825169682833353, 0.7842792167555165, 0.7760378257727927, 0.7846603934305338, 0.7778230107917274, 0.7799931301961897, 0.7802216471496746, 0.7874499247300571, 0.7878034570414596, 0.7810276918819336, 0.7918762384892539, 0.7836147401886331, 0.7853179566650128, 0.7806230081268986, 0.7912367821036461, 0.794789058093293, 0.7883770927004159, 0.7899058775825333, 0.7916840627428862, 0.786087754135324]
test_f1_score -----> [0.7622534836153311]
val_f1_score -----> [0.713495528365641, 0.7432751070518329, 0.757145611879275, 0.7618084712067532, 0.7741831286847991, 0.7645637767168137, 0.7718637942717752, 0.7718637942717752, 0.7770853686961836, 0.7791793508272296, 0.7686834334293842, 0.7860725436312384, 0.7724163732918754, 0.7792353772838239, 0.7808229797035351, 0.7792862857610978, 0.7843579233941524, 0.7911329402509997, 0.7826317560174186, 0.7894730723397326, 0.7843181302668, 0.7843703557350866, 0.7842584130304531, 0.7792862857610978, 0.7843405157078597, 0.7826518088999425, 0.7843579233941524, 0.7928686678659633, 0.7860478743072395, 0.7911690642317906, 0.7928638912926627, 0.7928638912926627, 0.7877367279791989, 0.7927683135428868, 0.7894002256551387, 0.7978484339407428, 0.7979416759338125, 0.7979603140117667, 0.7996321359360247, 0.7979533251357007]
train_loss -----> [0.6285557844035689, 0.554414698952122, 0.5308960550962765, 0.5195895539682059, 0.5192378837305331, 0.5015839113899732, 0.5006116765767892, 0.4992180101965602, 0.4923501941161975, 0.4906169624148483, 0.4850709378112152, 0.48353549230888077, 0.48077157375059676, 0.48122391070544396, 0.4837738563178552, 0.4787070409905529, 0.4753064212020876, 0.47218631319258914, 0.4674344643925165, 0.46773393280133724, 0.4642409994211591, 0.46288298967283337, 0.46683015633874125, 0.4642060661406997, 0.4677553562943925, 0.46371032992071104, 0.45961097658237093, 0.4550433183161631, 0.4568841492406177, 0.4624211158989242, 0.45028071715188167, 0.4558350730352169, 0.4539396390445366, 0.45508169653510805, 0.44656776066344545, 0.4514170922275718, 0.4479418108413698, 0.4490372211702405, 0.4522779125258554, 0.4525520560696896]
val_loss -----> [0.5658129598643329, 0.5295511762032639, 0.5146196544975846, 0.5100730313239871, 0.4996759265258502, 0.5095767298260252, 0.5001784192549215, 0.5001994284826354, 0.49586459873495886, 0.48671198455063075, 0.4929225956265988, 0.48132578666145753, 0.48575127467110346, 0.48203483807879516, 0.4829385965257077, 0.47672438983981663, 0.47582181925709166, 0.47203702620557825, 0.4748923917477196, 0.47281045325704524, 0.4762782464559013, 0.46991253664364696, 0.471876294427627, 0.4721437062363367, 0.4752009595568117, 0.4739832801593316, 0.4732592126002185, 0.4664116552149926, 0.46908600819674695, 0.46713415795081376, 0.462456954089371, 0.464266407731417, 0.46584891930625244, 0.46462964689409414, 0.46544759317829815, 0.4699336394063524, 0.4632337082278085, 0.4631382432338354, 0.46222024853970556, 0.4687274454815967]
test_loss -----> [0.47606032502812307]
val_auc_roc -----> [0.7920327453015104, 0.820396633229563, 0.8304969445405281, 0.8354087397670933, 0.8399054537069065, 0.8384296091317883, 0.8438371958953073, 0.8453130404704255, 0.8460279026864983, 0.8490718321226796, 0.8480802490487721, 0.8505476766977977, 0.849636803874092, 0.8518159806295399, 0.8538222068488412, 0.8546638994580884, 0.8550098005303817, 0.8566470656059034, 0.8569468465352243, 0.8555863023175372, 0.8559667934970598, 0.8568315461777931, 0.855459471924363, 0.8554133517813904, 0.8554248818171336, 0.8556554825319957, 0.856716245820362, 0.8595872247203967, 0.8603020869364696, 0.8591490833621584, 0.861812521618817, 0.8612475498674046, 0.8594834543987087, 0.8602213766862679, 0.8596794650063416, 0.8613743802605788, 0.8614435604750375, 0.861697221261386, 0.8615703908682116, 0.859737115185057]
val_auc_pr -----> [0.7762773419579325, 0.8042768254670694, 0.8117172264460711, 0.8124947770592262, 0.8143612600543247, 0.81075124358015, 0.8162529753515808, 0.814563346104909, 0.8164462550294461, 0.8180698196206256, 0.815459472756666, 0.8195054359076883, 0.8174381028463014, 0.8188764954159318, 0.8208729387482074, 0.8231708206813126, 0.8230500007585436, 0.8242464494646212, 0.8211893047971557, 0.822223895300124, 0.82350272494412, 0.8234041492999857, 0.8210163927590153, 0.8215387775455902, 0.8213024769419034, 0.8209848997541674, 0.8212311344877755, 0.8258810937629774, 0.8249927162829613, 0.8211960026678728, 0.8276269787763018, 0.8245081921921866, 0.822667433009541, 0.825279972572596, 0.8259342707741588, 0.8285381045648565, 0.8285747848359177, 0.8263125839328714, 0.828739443066837, 0.8247060859234312]
test_auc_roc -----> [0.8512740689496137]
test_auc_pr -----> [0.8493237268611182]
cm -----> [[229  74]
 [ 66 220]]
--------
