--------
epochs_index -----> 29
train_acc -----> [0.609375, 0.6632699370384216, 0.6865941882133484, 0.6915760636329651, 0.6847826242446899, 0.69089674949646, 0.6945199370384216, 0.6942934989929199, 0.6988224387168884, 0.69972825050354, 0.7026721239089966, 0.7108242511749268, 0.7094655632972717, 0.7062953114509583, 0.7121829986572266, 0.7137681245803833, 0.7142210006713867, 0.7158061861991882, 0.7189764380455017, 0.7096920013427734, 0.726222813129425, 0.7178441882133484, 0.7160326242446899, 0.7219203114509583, 0.71875, 0.7255434989929199, 0.7033514380455017, 0.7144474387168884, 0.7212409377098083, 0.720108687877655]
test_acc -----> [0.7283531427383423]
val_acc -----> [0.6493212580680847, 0.6651583909988403, 0.6787330508232117, 0.685520350933075, 0.6866515874862671, 0.6662895679473877, 0.6934388875961304, 0.7047511339187622, 0.6990950107574463, 0.6843891143798828, 0.6979637742042542, 0.6957013607025146, 0.6957013607025146, 0.6968325972557068, 0.7013574838638306, 0.7002262473106384, 0.6945701241493225, 0.7081447839736938, 0.7013574838638306, 0.7036198973655701, 0.7036198973655701, 0.7171945571899414, 0.7013574838638306, 0.7070135474205017, 0.7081447839736938, 0.7194570302963257, 0.7081447839736938, 0.7070135474205017, 0.7115384340286255, 0.7070135474205017]
train_f1_score -----> [0.6093744942224476, 0.6632533278655902, 0.6865601875002534, 0.6915396381500052, 0.6847567389803206, 0.6905631157695367, 0.6944616227023135, 0.6941428428487275, 0.6987591861744232, 0.6995349825867023, 0.7025769109630797, 0.7107576889038061, 0.7093475165750058, 0.7062105424850647, 0.7121445726062829, 0.7137220740706216, 0.7140743889163185, 0.7157008236351181, 0.7188351341425325, 0.7096657613235233, 0.7261803462340359, 0.7174825371889049, 0.7158983401527875, 0.7217282734953505, 0.7186225018249108, 0.7254858143255626, 0.7032635541777494, 0.7142669292057664, 0.7209954119852744, 0.7199974997840487]
test_f1_score -----> [0.7266123554695416]
val_f1_score -----> [0.6488017379121307, 0.6636086835059207, 0.6763407540983326, 0.6841607369236973, 0.6855211618471674, 0.662872392536966, 0.6921590221022567, 0.7027239048944149, 0.6986492324643764, 0.6833351472440368, 0.6939689158370196, 0.694763522606924, 0.6953735145863846, 0.6964347900786585, 0.7003205078221186, 0.6985966799096759, 0.6907697281056594, 0.7081208869310679, 0.7007447478718822, 0.7002303799665689, 0.702743490491482, 0.7169859595402772, 0.6990141456510168, 0.7058750179664324, 0.7073523700842321, 0.7177871098597565, 0.7073523700842321, 0.7059566094885728, 0.7094470266551244, 0.7044077480060664]
train_loss -----> [0.6678243615273117, 0.6314660985616675, 0.6107102471093341, 0.5991886377982472, 0.5953473381806109, 0.5920230273319329, 0.584775292031142, 0.5859784949840842, 0.578574420425339, 0.5788158161052755, 0.5744887696498113, 0.572821115885956, 0.5715756677631011, 0.573335390106059, 0.5673008378109208, 0.5646158216818082, 0.5603388858878096, 0.562747281611614, 0.5611345654596451, 0.5661118146625987, 0.5562003635787877, 0.5581817696059959, 0.5647537179453218, 0.5598890605126171, 0.5546373123492012, 0.5531369629383526, 0.5624233140083756, 0.5609098700941476, 0.550731969241431, 0.5522234989735101]
val_loss -----> [0.6527236845042251, 0.6316735932418891, 0.6162553410809319, 0.6094133754571276, 0.6009363252837381, 0.6056512535155355, 0.5973815026583968, 0.5953136035450941, 0.5927284518340685, 0.5888493085229717, 0.5913626524779175, 0.5880714311256066, 0.5855468127641593, 0.5819419907020019, 0.5864266374626674, 0.5834663709004715, 0.5803668971534247, 0.578651691879238, 0.5822786820364428, 0.578506170360892, 0.577483716043266, 0.5716591778102221, 0.5758675361001815, 0.5754889945189158, 0.5707366112116221, 0.575640853729334, 0.5746879797798019, 0.5752905620647982, 0.576653530737301, 0.5790031600642849]
test_loss -----> [0.5486826199937511]
val_auc_roc -----> [0.7054907761921336, 0.7211077783010176, 0.734093794148359, 0.7367810855633586, 0.7471105218975861, 0.7413366843430724, 0.749495812944043, 0.752172867058414, 0.7527359185929854, 0.7578955181097848, 0.7612379967650131, 0.7580746708707847, 0.7597024016707273, 0.7638843389774984, 0.7586940275588133, 0.7642119325976127, 0.7712347208288117, 0.7664999692880982, 0.7626251510001844, 0.7702161094162692, 0.7686651583710409, 0.769694007084212, 0.7694483118691263, 0.7712654327306976, 0.7751709629204971, 0.7711988902766119, 0.7699704142011834, 0.7691923793534121, 0.7712500767797548, 0.7689159722364407]
val_auc_pr -----> [0.6692069564916641, 0.6828998561182341, 0.6974257048038989, 0.6985163117717752, 0.7087513903605234, 0.6961603553614399, 0.7066821377292023, 0.7068567992643101, 0.7099978093194159, 0.7210629459260623, 0.7226466414017287, 0.7185221062252443, 0.7205291386282886, 0.7244285141749676, 0.718344450355681, 0.7237943688091671, 0.7297819073623959, 0.7251032545777745, 0.7173901197992427, 0.7339078888620834, 0.7309435069668471, 0.7394284583256141, 0.7286747180884094, 0.729754864317628, 0.7442254228431723, 0.7333598483874048, 0.7346306172373687, 0.7330080906441686, 0.729699170841541, 0.7334705496118973]
test_auc_roc -----> [0.8069410815173528]
test_auc_pr -----> [0.7723063209616123]
cm -----> [[191  57]
 [103 238]]
--------
