--------
epochs_index -----> 39
train_acc -----> [0.586799681186676, 0.6653226017951965, 0.6784804463386536, 0.6782682538032532, 0.6899405717849731, 0.6893039345741272, 0.698429524898529, 0.7050085067749023, 0.6905772686004639, 0.6897283792495728, 0.6980050802230835, 0.7060695886611938, 0.6939728260040283, 0.7047962546348572, 0.7145586013793945, 0.6980050802230835, 0.706281840801239, 0.7090407609939575, 0.7011884450912476, 0.7111629843711853, 0.7088285088539124, 0.7016128897666931, 0.7064940333366394, 0.6994906663894653, 0.7090407609939575, 0.7122241258621216, 0.7014006972312927, 0.703098475933075, 0.710101842880249, 0.7194397449493408, 0.7077674269676208, 0.7003395557403564, 0.7205008268356323, 0.7035229206085205, 0.7039473652839661, 0.7088285088539124, 0.7009762525558472, 0.7111629843711853, 0.7115874290466309, 0.7120118737220764]
test_acc -----> [0.7147707939147949]
val_acc -----> [0.6332767605781555, 0.6553480625152588, 0.6638370156288147, 0.6621392369270325, 0.6638370156288147, 0.6638370156288147, 0.6706281900405884, 0.6808149218559265, 0.7011884450912476, 0.6943972706794739, 0.6825127601623535, 0.6994906663894653, 0.6893039345741272, 0.685908317565918, 0.6876060962677002, 0.6926994919776917, 0.7045840620994568, 0.6977928876876831, 0.6893039345741272, 0.6910017132759094, 0.7028862237930298, 0.7028862237930298, 0.706281840801239, 0.7011884450912476, 0.6994906663894653, 0.6893039345741272, 0.6977928876876831, 0.6994906663894653, 0.7045840620994568, 0.6994906663894653, 0.685908317565918, 0.6910017132759094, 0.6943972706794739, 0.7045840620994568, 0.6926994919776917, 0.6977928876876831, 0.706281840801239, 0.6960950493812561, 0.6825127601623535, 0.6926994919776917]
train_f1_score -----> [0.5867683693917234, 0.6653221988029066, 0.6784772121344054, 0.6782552042924681, 0.6899013401922269, 0.6892742869293654, 0.698378987812172, 0.7049606460873284, 0.6905165269504431, 0.6896637172978201, 0.6979697065466746, 0.7059647060964073, 0.6938889504632977, 0.7047090009658109, 0.7145042418420726, 0.6979476108041086, 0.7062241926811876, 0.7089070012220006, 0.7011492007554393, 0.7111010342137415, 0.7087314937658887, 0.7015392876779437, 0.7063985126587246, 0.6994482064417284, 0.7090187116352469, 0.7121990086638197, 0.7013079977044618, 0.7030419588157897, 0.7100182753217076, 0.7193418346757392, 0.7077184137911408, 0.7003274062932352, 0.7204570168635253, 0.7034171079254228, 0.7039291081345642, 0.7086697508684023, 0.7009157569283146, 0.7111045741229817, 0.711556239365057, 0.7118402395744868]
test_f1_score -----> [0.712074298431125]
val_f1_score -----> [0.6328099695872119, 0.6549502000222049, 0.6614942478849292, 0.6557892121840433, 0.6618632813298506, 0.6552419305928561, 0.6668163425117646, 0.6707462069921952, 0.7008081224364325, 0.6943893502021845, 0.6762375868253531, 0.6988100037405784, 0.6828534810250606, 0.6839807957488717, 0.6869482780201441, 0.6912756486658618, 0.7040508647620094, 0.69632139460576, 0.6883841093367393, 0.6850452412840347, 0.702471151354376, 0.7015096048975387, 0.7049209236414309, 0.7008081224352172, 0.6946711719666365, 0.6843210423707247, 0.6965955869755625, 0.6956694300371822, 0.7045423045317034, 0.6978042473621273, 0.6857778868231854, 0.6834455419953898, 0.6887988679114901, 0.7032831449681942, 0.6843132270801455, 0.6968412358248939, 0.7029908688002824, 0.6955896526952626, 0.6692372555952657, 0.687214117946372]
train_loss -----> [0.6640290188870325, 0.6190474779678726, 0.6033572135635465, 0.5969205184986718, 0.593855338155312, 0.5890291590237249, 0.577095690577058, 0.573156168687526, 0.5821814774100766, 0.5782625744773894, 0.5698225994820507, 0.5654782786434088, 0.5763250217474164, 0.5636601737227628, 0.5585440928290376, 0.5678202570850862, 0.5673644807828505, 0.5624556699309158, 0.5698297344312604, 0.5703155077070454, 0.5656892968711705, 0.5629222811988741, 0.5666536005982322, 0.565458588264187, 0.5645708562916937, 0.5640678532257145, 0.5677563463589125, 0.5686543178072606, 0.5637714100056067, 0.558928952784813, 0.5661073090518058, 0.5665100177651957, 0.5514790661923957, 0.5660393917601056, 0.5676750355544032, 0.5576421825661124, 0.5666908595729963, 0.5623110495317978, 0.563672622921916, 0.5601407834700295]
val_loss -----> [0.6391366156371868, 0.6165731549262999, 0.607505392786619, 0.6092144661658517, 0.595937281444266, 0.6036342164954625, 0.5939504906937881, 0.6056715282233986, 0.5832451400724618, 0.5766374956111652, 0.5864858148065775, 0.5733265953289496, 0.5888490543977632, 0.5759181976318359, 0.5697381399773263, 0.5695122693841522, 0.5752326215843898, 0.5656355464377918, 0.5681755268895948, 0.5847964689538283, 0.5641543625577077, 0.5630969026604217, 0.5611534531454782, 0.5660359821206814, 0.5766859030401388, 0.5767490702706416, 0.5614573313175019, 0.5760680912314233, 0.5609979814774281, 0.5608628414369918, 0.5640416473552988, 0.5799099134432303, 0.5761932468897588, 0.5575546678659079, 0.5890561910094442, 0.559090190843956, 0.5636896867607091, 0.5584816995102007, 0.5947425349338636, 0.5641801894919297]
test_loss -----> [0.5342859583529266]
val_auc_roc -----> [0.6848841231407817, 0.7193819900841693, 0.7327798916176641, 0.7405972558514932, 0.7462469733656175, 0.7519082209154848, 0.7512740689496138, 0.7622852530842845, 0.7625273838348899, 0.7686498328144817, 0.7685806526000232, 0.7697567162458203, 0.7695952957454167, 0.7689611437795457, 0.7739767093277989, 0.7747261616511011, 0.7713709212498558, 0.7790499250547677, 0.7745532111149545, 0.7751873630808255, 0.7791075752334833, 0.7821745647411507, 0.7833852184941774, 0.7773895999077598, 0.7764902571197971, 0.7760521157615589, 0.7808024904877204, 0.7757984549752104, 0.7822668050270956, 0.7837195895307275, 0.7800530381644183, 0.7857834659287444, 0.7820362043122334, 0.7867635189669088, 0.7811253314885276, 0.7830508474576271, 0.7849533033552405, 0.7838233598524156, 0.7830162573503978, 0.7926784273031247]
val_auc_pr -----> [0.6571764232675095, 0.6974072242735025, 0.7055305899408946, 0.7108655514726583, 0.7204171369569217, 0.7244487877844996, 0.7291052224285668, 0.7348159769327727, 0.7460462293733983, 0.7450153672856771, 0.7497510475298733, 0.7503305703334207, 0.7508448805243455, 0.7453203400760146, 0.7541346472154615, 0.7584637664603018, 0.7538331643712575, 0.7579396452280125, 0.7599991189359434, 0.7554956126815905, 0.7610540985730916, 0.7611148705025625, 0.7589929550333203, 0.7578233262410435, 0.7590837674714204, 0.7546888343770682, 0.7624815956617176, 0.7553542299990127, 0.7643468535142628, 0.7675743097512742, 0.7624719717155582, 0.7675669138134673, 0.763635960248295, 0.771497998356705, 0.7621874541957907, 0.7712761573818028, 0.7696984327604204, 0.7687294961913718, 0.7640671727117443, 0.773291014846057]
test_auc_roc -----> [0.8154156577885391]
test_auc_pr -----> [0.8220002456116847]
cm -----> [[182  55]
 [113 239]]
--------
