--------
epochs_index -----> 29
train_acc -----> [0.5966938138008118, 0.6673460006713867, 0.6770833134651184, 0.6877264380455017, 0.6886322498321533, 0.6972373127937317, 0.7047101259231567, 0.7062953114509583, 0.7028985619544983, 0.71263587474823, 0.6981431245803833, 0.70652174949646, 0.7135416865348816, 0.707880437374115, 0.7194293737411499, 0.7194293737411499, 0.7180706262588501, 0.7108242511749268, 0.7198822498321533, 0.7130887508392334, 0.7167119383811951, 0.7207880616188049, 0.717391312122345, 0.7103713750839233, 0.7108242511749268, 0.7167119383811951, 0.7194293737411499, 0.7087862491607666, 0.7189764380455017, 0.7219203114509583]
test_acc -----> [0.6977928876876831]
val_acc -----> [0.6832579374313354, 0.6911764740943909, 0.709276020526886, 0.7171945571899414, 0.7171945571899414, 0.7217194437980652, 0.7285068035125732, 0.7194570302963257, 0.7126696705818176, 0.7115384340286255, 0.7047511339187622, 0.7183257937431335, 0.7273755669593811, 0.726244330406189, 0.7138009071350098, 0.7319004535675049, 0.7104072570800781, 0.726244330406189, 0.7296379804611206, 0.7171945571899414, 0.7319004535675049, 0.720588207244873, 0.7115384340286255, 0.7285068035125732, 0.7194570302963257, 0.7138009071350098, 0.726244330406189, 0.7171945571899414, 0.7126696705818176, 0.720588207244873]
train_f1_score -----> [0.5966891822427605, 0.667329615699072, 0.6770482858276445, 0.6877179730804072, 0.6884493310998263, 0.6972304669589935, 0.7046999034090229, 0.7062591190241769, 0.7028541133903959, 0.7125697002183355, 0.6981195655408337, 0.7064675464567447, 0.7135193173809999, 0.7078801901043412, 0.7194051554189812, 0.7194074577904754, 0.7180616111734941, 0.7107915100033372, 0.7198387828217836, 0.7129922012597603, 0.7167042666301886, 0.7207615623779182, 0.7173842850577237, 0.7103648219523759, 0.7107726423654207, 0.7166961309443752, 0.7194261056071791, 0.7087623317516205, 0.7189659384911091, 0.7219145808446333]
test_f1_score -----> [0.6975967367941549]
val_f1_score -----> [0.6829836779725603, 0.6909292741793855, 0.7087090540819937, 0.7160550880249341, 0.7171931175300339, 0.7217194519972462, 0.7284386709697194, 0.7191335356963777, 0.7105301105331913, 0.711135909246623, 0.7046872609962187, 0.7176577379353668, 0.7273165892707194, 0.7251413250480592, 0.7134485116365055, 0.7318424549256195, 0.7053333284078868, 0.7262387337224102, 0.72942159838183, 0.7170192991360629, 0.7308586067489404, 0.720430460470539, 0.7109166055554592, 0.7281045701543398, 0.7194053029794014, 0.7138005337224922, 0.7259286919694444, 0.7153059702427668, 0.7126461444201642, 0.7205277907883691]
train_loss -----> [0.6639343519573626, 0.6208539634295133, 0.6017750202529665, 0.5930128157462766, 0.5864418514504806, 0.5743009225073937, 0.5742132764687579, 0.569214811899524, 0.5709594049747435, 0.5631701989180364, 0.5731720888474281, 0.5655204489071305, 0.5630009076355588, 0.565704682571949, 0.555540774017572, 0.5514041903982125, 0.5595461713231128, 0.559428789369438, 0.556514699497948, 0.5552135543708793, 0.5614287836504159, 0.5544363683278567, 0.5539101724229434, 0.5603501009012478, 0.5579464566232498, 0.5552531732111308, 0.5513918256738046, 0.5565407734256291, 0.5481226198591187, 0.5488838437350767]
val_loss -----> [0.6271642943223318, 0.6023398554539897, 0.5915890083656652, 0.5796177438250533, 0.5765487471142333, 0.5718988931930815, 0.5693427917656597, 0.5634791885947326, 0.566206282055056, 0.5646859662489849, 0.5636533369889131, 0.5617986799360395, 0.5544520895760336, 0.5560584978477378, 0.5538208812206714, 0.5478249305003395, 0.571665589605366, 0.5504560169872936, 0.5491901091090193, 0.5545085910204295, 0.5483847724961805, 0.5529539708618645, 0.5543294500660254, 0.5498639758642728, 0.553547093460152, 0.5536860649113184, 0.5529849201709298, 0.5590304761856527, 0.5528138344352311, 0.5443842942650253]
test_loss -----> [0.5570274524994796]
val_auc_roc -----> [0.7279744476976311, 0.7503531868716856, 0.7610562846788558, 0.7718975860445119, 0.7725681292356832, 0.7752810139022543, 0.7787463401650254, 0.7848784832415389, 0.7860762474150816, 0.7838957023811961, 0.7813363772240536, 0.7879445547797956, 0.790626727544481, 0.7931425441739524, 0.7928226285293095, 0.7970148031367089, 0.7890757764992526, 0.7940920538072521, 0.7966155484121946, 0.7910874060727667, 0.7985862287831944, 0.7934778157695379, 0.7914661861960237, 0.7954740893921091, 0.7911539485268524, 0.7908826600601953, 0.7934419852173379, 0.7910362195696239, 0.791916627423681, 0.8002037222825085]
val_auc_pr -----> [0.695181955047552, 0.7234522599917297, 0.7338583158126217, 0.7462007555470784, 0.7457705720241626, 0.7485408742155836, 0.7548509938432432, 0.7603578040250293, 0.7624451775803026, 0.7556523870448248, 0.7600549765065754, 0.7585593175073528, 0.7675342393743126, 0.7730822989341446, 0.7617643697118937, 0.7712661684367467, 0.7617587198658424, 0.7649032249704304, 0.7669232467727132, 0.7623086782335026, 0.7753590946560972, 0.7629673018605931, 0.7646952936789313, 0.7703765182396921, 0.7615770178383203, 0.7647920465885678, 0.7659966124491218, 0.7629508213993323, 0.766986065125082, 0.7768986620221519]
test_auc_roc -----> [0.786734693877551]
test_auc_pr -----> [0.7838403598774827]
cm -----> [[213  97]
 [ 81 198]]
--------
