--------
epochs_index -----> 29
train_acc -----> [0.6240941882133484, 0.6870471239089966, 0.7013133764266968, 0.710597813129425, 0.713994562625885, 0.7219203114509583, 0.7128623127937317, 0.7151268124580383, 0.7355072498321533, 0.7253170013427734, 0.7230525612831116, 0.7291666865348816, 0.7244112491607666, 0.7194293737411499, 0.7327898740768433, 0.7321105003356934, 0.7216938138008118, 0.72826087474823, 0.7370923757553101, 0.7271286249160767, 0.7359601259231567, 0.7307518124580383, 0.7436594367027283, 0.7364130616188049, 0.7325633764266968, 0.7393568754196167, 0.7366394996643066, 0.7244112491607666, 0.7447916865348816, 0.73777174949646]
test_acc -----> [0.7487266659736633]
val_acc -----> [0.6719456911087036, 0.6843891143798828, 0.6877828240394592, 0.709276020526886, 0.709276020526886, 0.7070135474205017, 0.7036198973655701, 0.7104072570800781, 0.7138009071350098, 0.7183257937431335, 0.7126696705818176, 0.7138009071350098, 0.7307692170143127, 0.7307692170143127, 0.7251130938529968, 0.7296379804611206, 0.7285068035125732, 0.7319004535675049, 0.726244330406189, 0.7296379804611206, 0.7341628670692444, 0.7273755669593811, 0.7285068035125732, 0.7319004535675049, 0.7160633206367493, 0.733031690120697, 0.7239819169044495, 0.7228506803512573, 0.720588207244873, 0.7319004535675049]
train_f1_score -----> [0.623694061629603, 0.6869931016690435, 0.701309954557052, 0.7105861857947318, 0.7139822254493129, 0.7219188588719425, 0.7128585443896825, 0.7151153533878329, 0.7354705619457375, 0.7253153196209368, 0.7230330877846682, 0.7291639395612595, 0.7244049945314419, 0.7194002051923216, 0.732788973116375, 0.7321044440103082, 0.7216906244884249, 0.7282572972613073, 0.7370718790188625, 0.7271279325437334, 0.7359600857651045, 0.730749473212776, 0.7436560501328973, 0.7364052527135221, 0.7325627288083467, 0.739348525293374, 0.7366189451412497, 0.7244049945314623, 0.7447847385064923, 0.7377716803395837]
test_f1_score -----> [0.7485171543874993]
val_f1_score -----> [0.6719456963422636, 0.6828791247893711, 0.6874692522447571, 0.7092309906523986, 0.7092309906523986, 0.7062523765420538, 0.7036062502631626, 0.7102871167528737, 0.7137917437116654, 0.7182215788466677, 0.7124209074091226, 0.7135336629672169, 0.730719605076131, 0.7302708113391645, 0.7250114201992592, 0.72963489024836, 0.7277039603350521, 0.7311404421216374, 0.7258387749474197, 0.7264791239233488, 0.7341053877530695, 0.7273752117266765, 0.7270762531144725, 0.7309332677169573, 0.7155650537616851, 0.7326813817091378, 0.7220340680624956, 0.7220650141766609, 0.7179808043762087, 0.7318973597440007]
train_loss -----> [0.6505006806574007, 0.6023708550070508, 0.5817631233645516, 0.570374358337426, 0.5636014416813848, 0.5518901781651417, 0.5568301310303851, 0.5509654542944135, 0.5435081377247528, 0.5500540164285816, 0.5508474720830931, 0.5490785531321734, 0.5439058330611911, 0.5514880303239477, 0.5339168834675477, 0.5404491784671942, 0.5472161653519104, 0.5409270851616412, 0.5362884203322986, 0.5372543153825448, 0.5315184357805529, 0.537144612520933, 0.5221373546544624, 0.533479486686596, 0.5327178120235174, 0.5300563865381737, 0.52818219250311, 0.54048553865025, 0.5253204127530697, 0.5266722671525634]
val_loss -----> [0.6215771726659828, 0.6030365805905142, 0.5852212347425859, 0.5756475315974638, 0.5724120975077688, 0.569835142240868, 0.5643883575727273, 0.562656412521998, 0.5567406257530589, 0.547914165902782, 0.5515622767779208, 0.5563767391282163, 0.549529712747883, 0.5488491659765844, 0.5490012697808375, 0.546079523660041, 0.5445634032691923, 0.5485711572943507, 0.5446611597194326, 0.5491513609886169, 0.5370019757532856, 0.5425730216073555, 0.5433399411472118, 0.537395350836419, 0.5403445312031752, 0.5342005287204777, 0.5406166707073248, 0.5423204853191032, 0.5411472798467752, 0.5330697824289131]
test_loss -----> [0.5261295675425915]
val_auc_roc -----> [0.7308639258000451, 0.7507498822710428, 0.7652356626604697, 0.7770546262361541, 0.7756214041481542, 0.7799722569152966, 0.7848247374132389, 0.7857870436723244, 0.7939768841751806, 0.7990341106856944, 0.7969201081058948, 0.7900713539853812, 0.7980359738744088, 0.7985990254089801, 0.7981025163284945, 0.8006208922831228, 0.8025762167031797, 0.7981127536291232, 0.8014910628365512, 0.8017930632050941, 0.8081555455457505, 0.8044189308163224, 0.8043984562150652, 0.807413341250179, 0.8030522511824084, 0.8083910034602075, 0.8066301877520935, 0.8016139104440941, 0.8086981224790646, 0.8101057513154932]
val_auc_pr -----> [0.7117592230622845, 0.7413365032968442, 0.7527582666716649, 0.7619747937807553, 0.7644149301896896, 0.7739175375000672, 0.7721868576169193, 0.7758202024134863, 0.7773958627185504, 0.7892127617603601, 0.7856373863666094, 0.7798221876425252, 0.7891049710182704, 0.7844056716407554, 0.7880456753304852, 0.786587970220504, 0.7907322315347903, 0.7855957609987834, 0.790409254087304, 0.7891385768444212, 0.8004655866193282, 0.7933167730587156, 0.7935842481649147, 0.796470521533809, 0.7918875207823952, 0.7984124208346713, 0.7956764297421655, 0.7915840607649473, 0.7975938118771645, 0.8020291654647581]
test_auc_roc -----> [0.8199123717283523]
test_auc_pr -----> [0.8000282294698565]
cm -----> [[229  83]
 [ 65 212]]
--------
