--------
epochs_index -----> 39
train_acc -----> [0.6086587309837341, 0.6553480625152588, 0.6782682538032532, 0.6761460304260254, 0.6839982867240906, 0.6901528239250183, 0.6916383504867554, 0.7022495865821838, 0.6929117441177368, 0.700764000415802, 0.6971561908721924, 0.6973684430122375, 0.6901528239250183, 0.7018251419067383, 0.694609522819519, 0.6926994919776917, 0.7052206993103027, 0.7011884450912476, 0.7041596174240112, 0.7026740312576294, 0.7056451439857483, 0.6933361887931824, 0.7026740312576294, 0.7151952385902405, 0.7003395557403564, 0.7113752365112305, 0.6982173323631287, 0.694609522819519, 0.7043718099594116, 0.6997028589248657, 0.7122241258621216, 0.7020373344421387, 0.7054329514503479, 0.7143463492393494, 0.7005518078804016, 0.6977928876876831, 0.7130730152130127, 0.7098896503448486, 0.7111629843711853, 0.7084040641784668]
test_acc -----> [0.7113752365112305]
val_acc -----> [0.6146010160446167, 0.6655347943305969, 0.7113752365112305, 0.7079796195030212, 0.7147707939147949, 0.7164685726165771, 0.7045840620994568, 0.7198641896247864, 0.7079796195030212, 0.7096773982048035, 0.7215619683265686, 0.7130730152130127, 0.7249575257301331, 0.7249575257301331, 0.7164685726165771, 0.7147707939147949, 0.706281840801239, 0.7096773982048035, 0.7181664109230042, 0.7130730152130127, 0.7266553640365601, 0.7164685726165771, 0.7198641896247864, 0.7164685726165771, 0.7266553640365601, 0.7215619683265686, 0.6977928876876831, 0.7164685726165771, 0.7198641896247864, 0.7045840620994568, 0.7164685726165771, 0.7198641896247864, 0.7181664109230042, 0.7181664109230042, 0.7130730152130127, 0.7096773982048035, 0.7249575257301331, 0.7181664109230042, 0.7096773982048035, 0.7130730152130127]
train_f1_score -----> [0.6058750947335405, 0.6551927445508625, 0.6782624499663354, 0.6761328771770097, 0.6839583132692176, 0.690140236139035, 0.691638017907481, 0.7022456948919844, 0.6929077125651357, 0.700746534173148, 0.6971561783012095, 0.697285466907501, 0.6901522939662048, 0.7017574087502578, 0.6946091587741265, 0.6925970869921304, 0.7052177208080269, 0.7010793988459776, 0.7040904978236897, 0.7026701486341139, 0.7056133216625738, 0.6933358126884213, 0.7026710056962534, 0.7151605518203826, 0.700337610072636, 0.7113650153375204, 0.6982118755816218, 0.6945477461816478, 0.7043008399313269, 0.6996915062022617, 0.712171004953011, 0.7020354139532203, 0.705352193462484, 0.7143115519897538, 0.7005469088404206, 0.6977640603738153, 0.7130479791249771, 0.7098410106045426, 0.711148815670094, 0.7083712329782023]
test_f1_score -----> [0.7107674303987697]
val_f1_score -----> [0.6077215745974062, 0.665438362321378, 0.711074556384033, 0.7061082825049888, 0.714671275253987, 0.7164391606937768, 0.7043923156295607, 0.719783399095851, 0.7079720455250329, 0.7095937047005292, 0.7206851831742376, 0.7127417912934915, 0.7241935433755433, 0.7248234999608477, 0.7150195368319346, 0.7136407784367562, 0.7054122998090442, 0.7084639448391233, 0.7181460675739718, 0.7125128110543847, 0.7266049070867858, 0.7142413020964589, 0.7178307893004264, 0.7160724699197705, 0.7241618985353482, 0.7196214973894877, 0.6975967367932884, 0.7150195368319346, 0.7184324764505997, 0.7037634358493593, 0.7147286097296305, 0.7191355387842329, 0.7135213958366109, 0.717167679894776, 0.7127417912934915, 0.7089222858317259, 0.7242891766788454, 0.7163603189872652, 0.7062087021014102, 0.7128611145036466]
train_loss -----> [0.6567528886888144, 0.6244570224313467, 0.605519499964949, 0.5997350125847116, 0.5933914515988331, 0.5892840618289793, 0.590217273916372, 0.5739986817075763, 0.5843060371325256, 0.5766590958641418, 0.5715480031910495, 0.5770179951130224, 0.5775776561634249, 0.5704087303581379, 0.5842687719594849, 0.5795542344526852, 0.5681199080521059, 0.5753589868798528, 0.5706078831631377, 0.5744585116063392, 0.5690805294214164, 0.5774797113368795, 0.5748421420771722, 0.5645672698933725, 0.5684899058325789, 0.5656142194829692, 0.5804614833791705, 0.5748270989881108, 0.5659944564357072, 0.5714438069099483, 0.5640829001855364, 0.5718902886571626, 0.5659570750639675, 0.5588805884983015, 0.5740563231180399, 0.5759018493882666, 0.5689819583160158, 0.565313755453948, 0.562887335951947, 0.5703724181763391]
val_loss -----> [0.6459418623834043, 0.616166525595897, 0.5975874545606404, 0.5921035815735121, 0.5836369947001739, 0.5820223846145578, 0.5758848242663045, 0.5727060654678859, 0.5704847332593557, 0.569158295119131, 0.5684965264958302, 0.5698106450003546, 0.566036348407333, 0.5632255902966941, 0.5691938750647206, 0.564662069484994, 0.5661458751639803, 0.5621067978240348, 0.5632309172604536, 0.5580094057965924, 0.5603427951400342, 0.5710406818905391, 0.5642457987005648, 0.5568249878045676, 0.5634284788692322, 0.5602920816556828, 0.5643432897490426, 0.5584284425587267, 0.5574655081774739, 0.5595353986765884, 0.557638015296008, 0.5548334315016464, 0.5590944866070875, 0.5514941513538362, 0.5553444305787215, 0.5524477189457094, 0.5521253045346288, 0.5546446092225408, 0.5591229204390497, 0.5545804548907927]
test_loss -----> [0.5610728644438693]
val_auc_roc -----> [0.696045197740113, 0.7385218494177332, 0.7618701717975325, 0.768891963565087, 0.7751873630808255, 0.7699066067104807, 0.7805142395941427, 0.7805142395941428, 0.7836734693877551, 0.7874322610400093, 0.7882624236135132, 0.782416695491756, 0.7882393635420271, 0.7877666320765595, 0.7824743456704715, 0.7872131903608901, 0.785633575464084, 0.7912256427994927, 0.7836388792805257, 0.7898305084745764, 0.7858295860717168, 0.7795341865559784, 0.7876743917906146, 0.7921711057304278, 0.7886198547215496, 0.7933932895191974, 0.7801106883431339, 0.791986625158538, 0.7888043352934394, 0.7881817133633114, 0.7924708866597486, 0.793231869018794, 0.7959990775971406, 0.7979476536377264, 0.7909719820131444, 0.7957569468465353, 0.7963334486336907, 0.7958145970252508, 0.7966447595987547, 0.7910988124063185]
val_auc_pr -----> [0.6741089239214592, 0.7164594023338, 0.7395804528144645, 0.7394421559506938, 0.7447622115624772, 0.7471660886762991, 0.7497502249515045, 0.753193426493439, 0.7631949062627594, 0.7659346983208457, 0.7680394831521504, 0.7575754157257835, 0.7665566856470162, 0.7717707220715412, 0.7700034731510281, 0.772244896945612, 0.7715166358185226, 0.7812347721565984, 0.7683561109701691, 0.7722863022249918, 0.7742555189308625, 0.7614637995797042, 0.7715688264960004, 0.7787987159101754, 0.7725821521833485, 0.7788378583667275, 0.7672113812811905, 0.7673230282117036, 0.7734610276036908, 0.7718024228218894, 0.7764834283422548, 0.7752627217439731, 0.7824470674649886, 0.7864410909724981, 0.7730463391073733, 0.780641724421991, 0.7822960481280075, 0.7765627740593931, 0.7821031824799802, 0.7773900114269592]
test_auc_roc -----> [0.786567508359276]
test_auc_pr -----> [0.7804309914787797]
cm -----> [[196  71]
 [ 99 223]]
--------
