--------
epochs_index -----> 39
train_acc -----> [0.6457979679107666, 0.6827249526977539, 0.6920627951622009, 0.7020373344421387, 0.7064940333366394, 0.7003395557403564, 0.6994906663894653, 0.7022495865821838, 0.7190153002738953, 0.7147707939147949, 0.7158319354057312, 0.7137096524238586, 0.7126485705375671, 0.7173174619674683, 0.7181664109230042, 0.7052206993103027, 0.7215619683265686, 0.7130730152130127, 0.7094652056694031, 0.721137523651123, 0.7126485705375671, 0.7105262875556946, 0.7226231098175049, 0.7162563800811768, 0.7292020320892334, 0.7145586013793945, 0.712436318397522, 0.7255942225456238, 0.7177419066429138, 0.7207130789756775, 0.7359932065010071, 0.7243208885192871, 0.7283531427383423, 0.7249575257301331, 0.7228353023529053, 0.7198641896247864, 0.7185908555984497, 0.7292020320892334, 0.7319609522819519, 0.7209252715110779]
test_acc -----> [0.7113752365112305]
val_acc -----> [0.6638370156288147, 0.6926994919776917, 0.6842105388641357, 0.7011884450912476, 0.6943972706794739, 0.706281840801239, 0.7096773982048035, 0.7164685726165771, 0.7266553640365601, 0.7113752365112305, 0.7181664109230042, 0.7215619683265686, 0.7045840620994568, 0.7232597470283508, 0.7011884450912476, 0.6706281900405884, 0.7266553640365601, 0.7011884450912476, 0.7113752365112305, 0.7079796195030212, 0.7181664109230042, 0.6910017132759094, 0.6943972706794739, 0.6994906663894653, 0.6943972706794739, 0.7249575257301331, 0.7215619683265686, 0.7300509214401245, 0.7215619683265686, 0.7079796195030212, 0.7096773982048035, 0.7130730152130127, 0.7181664109230042, 0.706281840801239, 0.706281840801239, 0.7300509214401245, 0.7147707939147949, 0.7147707939147949, 0.7181664109230042, 0.7266553640365601]
train_f1_score -----> [0.6457684582198725, 0.6826785182838524, 0.6920208532720469, 0.702021832157423, 0.706434699575426, 0.7002734064752869, 0.6994887081323439, 0.7022456948919844, 0.7190067198956558, 0.7147333277663926, 0.7158059938391776, 0.7136482697239526, 0.712588695404174, 0.7173088753331166, 0.7181602348984051, 0.705202531303861, 0.7215253912718693, 0.7130096637779034, 0.7094431919902592, 0.7211314371885892, 0.712607959895396, 0.7105074832300866, 0.7225930865268115, 0.7162348776704549, 0.7291762221182799, 0.7145491965069806, 0.7124185959298759, 0.7255713688417349, 0.7177368453327531, 0.7206677768925684, 0.7359559095712582, 0.7242715886186966, 0.7283294474258111, 0.724912947380471, 0.7227705808590157, 0.7198397428142366, 0.7185565511428982, 0.7291352278994769, 0.7319425826412801, 0.7208975238405143]
test_f1_score -----> [0.7111345699764834]
val_f1_score -----> [0.6552419305986358, 0.69264278436924, 0.6784254970114146, 0.7005592222371728, 0.6885062825392965, 0.7062682816831131, 0.7096640240329782, 0.7162592077645193, 0.7263398127693607, 0.7107674303972031, 0.7181590670169962, 0.7205752981488482, 0.7002281452822248, 0.7230010596166407, 0.6954283650399338, 0.6493789383222026, 0.7246712548931715, 0.7000046252699598, 0.7110078453638156, 0.7046000556868999, 0.7169252989943247, 0.6787555091948403, 0.6940083071515104, 0.6991437698187795, 0.6927597668784553, 0.7248933175457897, 0.7196214973894877, 0.7293487917367398, 0.7200700093751149, 0.7075336562697733, 0.7078957621810518, 0.7128611145036466, 0.7135213958411509, 0.7057933513205097, 0.7054122998109054, 0.7290386930059898, 0.7141701664526352, 0.7130961167361863, 0.7180680457274016, 0.7266269750991272]
train_loss -----> [0.6337409314963528, 0.5903092324733739, 0.5794020129940093, 0.5683613436736152, 0.5640300231493998, 0.5670634536973889, 0.5696694521021558, 0.5655898006035235, 0.556758426876141, 0.5528496014545641, 0.5569973191047163, 0.55512590966929, 0.5571335713507162, 0.5447799091832947, 0.5466814068460706, 0.5622579007075889, 0.5446902389538516, 0.5570639949197072, 0.557557872403255, 0.5464195801871745, 0.5549189198401667, 0.5525828782842197, 0.5543412204155086, 0.5597384889026652, 0.5391329261260845, 0.5503588459234688, 0.5618392895964086, 0.5399443847720203, 0.5511199837528377, 0.5452722255867887, 0.532056628165099, 0.539485199139762, 0.5403341307907231, 0.5456467725728689, 0.5433543149147858, 0.5412565343499391, 0.541373659399652, 0.5324653854849798, 0.535136959169231, 0.5418039319217716]
val_loss -----> [0.9028213334244646, 0.8291371513057398, 0.8254121807781429, 0.6468595576447409, 0.6863058680618132, 0.5553942483824651, 0.5881761173541481, 0.5452468975170238, 0.5606099890696036, 0.6995567915004652, 0.6247523644485992, 0.599082608077977, 0.5519832793522526, 0.5517105170198389, 0.5570274752539561, 0.9239839820845707, 0.6552776164702466, 0.5856563589862873, 0.6150963254071569, 0.5531053059809915, 0.5686963313334695, 0.6071996276040337, 0.6789805810596495, 0.8810481336471196, 0.7921911214251778, 0.6882923283689731, 0.8860297646071461, 1.0319081756311494, 1.0890954879892836, 0.6972115881539679, 0.6165247919994433, 0.9053081294169297, 0.571890755279644, 0.7001561919176902, 0.8241905876108119, 0.5307773635596839, 0.7401878610253334, 0.7257477526326437, 0.6932235084272721, 0.7131919202369617]
test_loss -----> [0.8894039168953896]
val_auc_roc -----> [0.7385218494177332, 0.7411737576386487, 0.7547676697797763, 0.7705061685691226, 0.7721664937161306, 0.7875245013259542, 0.7805027095583996, 0.7997117491064223, 0.7988239363542027, 0.7745647411506975, 0.7796494869134094, 0.7883661939352011, 0.8044851839040701, 0.8025827280064566, 0.811864406779661, 0.7588838925400668, 0.7846881125331489, 0.7918828548368501, 0.7906952611553095, 0.8100887812752219, 0.8026403781851724, 0.8029401591144933, 0.7714285714285716, 0.7592759137553327, 0.7789115646258504, 0.7878127522195318, 0.7666436065951805, 0.768891963565087, 0.7592067335408741, 0.7889542257580999, 0.8026403781851723, 0.7669664475959876, 0.8182635766170876, 0.7886890349360083, 0.7876513317191283, 0.824443675775395, 0.7853222644990199, 0.7950420846304624, 0.7980514239594143, 0.794384872593105]
val_auc_pr -----> [0.6617815665550651, 0.6641563549777352, 0.6765974816979239, 0.7060038866787375, 0.7098317516008882, 0.7835548892719633, 0.7791252064763734, 0.7973006353310818, 0.8063018155950233, 0.7892544620448289, 0.7868003283452321, 0.7995382117330851, 0.8034984106885268, 0.8061229816167449, 0.8122148159723754, 0.673717102128071, 0.7967598435327561, 0.7941623955010763, 0.798780498474872, 0.8122142717264211, 0.8034668977284858, 0.7654075276971957, 0.7853747381830174, 0.7721021435076915, 0.7894737561524543, 0.7985594800245022, 0.7907979950103496, 0.7899815875929735, 0.7901638679475127, 0.8017422882497285, 0.8105568931888463, 0.7917188287653601, 0.8207395932919691, 0.8045563791749396, 0.8051511472045582, 0.8292112052095362, 0.8009828737764028, 0.8033600193923072, 0.8136649815119912, 0.802981266169329]
test_auc_roc -----> [0.7587743572005072]
test_auc_pr -----> [0.7617282073563295]
cm -----> [[218  94]
 [ 76 201]]
--------
