--------
epochs_index -----> 29
train_acc -----> [0.692255437374115, 0.7361866235733032, 0.7454710006713867, 0.7488677501678467, 0.7531703114509583, 0.757472813129425, 0.770380437374115, 0.75951087474823, 0.7674366235733032, 0.773777186870575, 0.7721920013427734, 0.7746829986572266, 0.7749094367027283, 0.7814764380455017, 0.7803441882133484, 0.7762681245803833, 0.79076087474823, 0.7796648740768433, 0.7866848111152649, 0.7903079986572266, 0.7835144996643066, 0.7986866235733032, 0.7810235619544983, 0.7927989363670349, 0.7839673757553101, 0.79076087474823, 0.7830616235733032, 0.7943840622901917, 0.7914401888847351, 0.786005437374115]
test_acc -----> [0.7877758741378784]
val_acc -----> [0.7364253401756287, 0.7522624731063843, 0.7477375268936157, 0.766968309879303, 0.7703620195388794, 0.7714931964874268, 0.7782805562019348, 0.7647058963775635, 0.773755669593811, 0.7703620195388794, 0.7714931964874268, 0.766968309879303, 0.7703620195388794, 0.7703620195388794, 0.7782805562019348, 0.7760180830955505, 0.7748869061470032, 0.7703620195388794, 0.766968309879303, 0.779411792755127, 0.773755669593811, 0.779411792755127, 0.773755669593811, 0.7861990928649902, 0.7884615659713745, 0.7884615659713745, 0.7861990928649902, 0.779411792755127, 0.7839366793632507, 0.7805429697036743]
train_f1_score -----> [0.6922421574553201, 0.7361485831243642, 0.7453874488728047, 0.7488416682064744, 0.7531305853373444, 0.7574028449273895, 0.7702850148797111, 0.7594824480279911, 0.7673420874840298, 0.7737153327229694, 0.7721245297572465, 0.774624706765805, 0.774859125004293, 0.7814230807686657, 0.780282500057992, 0.7761751425750426, 0.7906660145695719, 0.7796331076560392, 0.7866479736401659, 0.7902717871663865, 0.7834690076025441, 0.7986221414507716, 0.7809965816847244, 0.7927291731583889, 0.7839220013000878, 0.7906577664158108, 0.7830315045319558, 0.7943096287316692, 0.79136650991527, 0.785926116959647]
test_f1_score -----> [0.7875774985344595]
val_f1_score -----> [0.7360115095298494, 0.7522469034445693, 0.7475020027318195, 0.7669671279607705, 0.7703123129922707, 0.7714920379999284, 0.7782794030586653, 0.7646082814203551, 0.7737544930195074, 0.7702558537472592, 0.7714183257573521, 0.7668489789248994, 0.7703593411698939, 0.7703546392187542, 0.7782249137046853, 0.7760077756895913, 0.7747828318996222, 0.7701475625748878, 0.7669098585376477, 0.7794114774093839, 0.7737510187336203, 0.7794114774093839, 0.7737371205229651, 0.7858634123626222, 0.7882640104493426, 0.7883420882866485, 0.7857821435043617, 0.7793979271742262, 0.7839031863158203, 0.7805250067566097]
train_loss -----> [0.5884256603709168, 0.5382538391682115, 0.5228885471064973, 0.5121945300935833, 0.5052400352568294, 0.5001527477001795, 0.4841531207650036, 0.491841811011883, 0.48375821710172756, 0.4785358764069235, 0.4816580138614643, 0.478712874883111, 0.4753863478511354, 0.4680209044987956, 0.4654906866802037, 0.4662367647810688, 0.4627159269445616, 0.46227155393664426, 0.4601816999712501, 0.4626749216619393, 0.46500521134315215, 0.4547356454979468, 0.46053986329639307, 0.4567936718922809, 0.4563731731495996, 0.45441367178885417, 0.4545251492788824, 0.4500283944029091, 0.44634480455863285, 0.4573209742624045]
val_loss -----> [0.545019551977381, 0.5207623725270366, 0.5142242442648692, 0.5032747774510767, 0.4972138884099753, 0.4932066371312014, 0.49028577393776657, 0.48831541460376626, 0.48427697465763453, 0.4845967628397383, 0.4831994059118062, 0.48034072257913996, 0.48006890539650426, 0.47758881707449213, 0.47486831422324643, 0.47348588866156516, 0.47622660406537953, 0.47678811673645516, 0.47307176431557074, 0.46978830109845404, 0.47029350161015443, 0.4690323794210279, 0.46933159312686396, 0.46780924270818897, 0.46667096824259363, 0.4653187541811316, 0.46656428988989407, 0.4656784557275944, 0.4643558053014514, 0.46430454195082727]
test_loss -----> [0.48697045344758677]
val_auc_roc -----> [0.8077793247476504, 0.8241692430539914, 0.8304856575418194, 0.836331156200733, 0.8403134661452467, 0.8435689277451321, 0.8451045228394176, 0.8478276448066175, 0.8494912061587602, 0.8502845969574744, 0.8508578857926741, 0.8509193095964456, 0.8521017178190454, 0.8528490407649312, 0.8548350770868737, 0.8562324686226737, 0.8567596896050449, 0.8573841649433878, 0.8584795561106446, 0.8594213877684731, 0.8591603366024447, 0.8597182694867018, 0.8605014229847874, 0.860475829733216, 0.8606805757457874, 0.8615916955017301, 0.8606856943961018, 0.861571220900473, 0.8629993243381586, 0.8624004422513872]
val_auc_pr -----> [0.7943386001504326, 0.8110554814668838, 0.8183068692846123, 0.8224907462606909, 0.8279796670028114, 0.8309204825863872, 0.8325705195291826, 0.8356804122124846, 0.8367589388913853, 0.8374614686946983, 0.8393874416705902, 0.8394418221539149, 0.8402887988902665, 0.8409172670991762, 0.8431413210731908, 0.8452324944562066, 0.8466087685580115, 0.8471745337449943, 0.8481062229149179, 0.8495657610557684, 0.8493414427113506, 0.8507929528897535, 0.8518430610269334, 0.8504032459213364, 0.8508996710981249, 0.851958506876211, 0.8502345865618965, 0.8516595981699968, 0.8542383335037642, 0.8538124967554477]
test_auc_roc -----> [0.8508878127522197]
test_auc_pr -----> [0.8367736575234835]
cm -----> [[241  72]
 [ 53 223]]
--------
