--------
epochs_index -----> 29
train_acc -----> [0.6784420013427734, 0.7427536249160767, 0.7620018124580383, 0.7749094367027283, 0.7823822498321533, 0.7864583134651184, 0.7898550629615784, 0.7946105003356934, 0.7998188138008118, 0.8007246255874634, 0.8036684989929199, 0.8057065010070801, 0.8106883764266968, 0.8075181245803833, 0.8125, 0.813858687877655, 0.8125, 0.8181612491607666, 0.8168025612831116, 0.820652186870575, 0.8197463750839233, 0.8215579986572266, 0.8231431245803833, 0.8251811861991882, 0.8260869383811951, 0.8226901888847351, 0.8256340622901917, 0.8301630616188049, 0.8278985619544983, 0.8308423757553101]
test_acc -----> [0.784380316734314]
val_acc -----> [0.7138009071350098, 0.7409502267837524, 0.7545248866081238, 0.7545248866081238, 0.766968309879303, 0.7714931964874268, 0.7805429697036743, 0.773755669593811, 0.7850678563117981, 0.7873303294181824, 0.7839366793632507, 0.7895927429199219, 0.790723979473114, 0.7895927429199219, 0.7884615659713745, 0.7884615659713745, 0.790723979473114, 0.7952488660812378, 0.7861990928649902, 0.7828054428100586, 0.7861990928649902, 0.7895927429199219, 0.790723979473114, 0.790723979473114, 0.7918552160263062, 0.7929864525794983, 0.7895927429199219, 0.7850678563117981, 0.7918552160263062, 0.7873303294181824]
train_f1_score -----> [0.6782962588419958, 0.7427325102016153, 0.761956385447788, 0.7748909458008617, 0.7823433889835246, 0.7864120534494827, 0.7898081163719265, 0.7945573955741712, 0.7997202005535651, 0.8006558984678869, 0.8036118258929499, 0.8056548536262901, 0.8106165749530291, 0.8074953670084848, 0.8124555253222344, 0.8138119074587464, 0.8124581032927563, 0.8181030136724305, 0.8167628319938173, 0.820604479885491, 0.8196841985911391, 0.8214804835862113, 0.8231023904089521, 0.8251346696610289, 0.826045704284149, 0.8226541176362278, 0.8255516104439581, 0.8301250930909497, 0.8278102480707905, 0.830793579402227]
test_f1_score -----> [0.7834790688534938]
val_f1_score -----> [0.7112554448481445, 0.7398686931784011, 0.7541823220232242, 0.7542604178600315, 0.7668716632815002, 0.7714358806044628, 0.7805148947213834, 0.7730866327779071, 0.7850579663678949, 0.7873205140374708, 0.7833241528052521, 0.7893166811317618, 0.7906637039249503, 0.7889174691559782, 0.7874494475833078, 0.7876984000541946, 0.7897875845801456, 0.7952423132418733, 0.7860279575030718, 0.7825549942449987, 0.7859007314375617, 0.7892032380184414, 0.7901802675272883, 0.7900250959483621, 0.791016543465716, 0.792348417124345, 0.7892032380184414, 0.782281810213719, 0.791075598052787, 0.7861382011615576]
train_loss -----> [0.5979721437113868, 0.5255204406499424, 0.5002768422220494, 0.4845204308251112, 0.473534133636217, 0.4640775718658733, 0.4564109633312277, 0.44966645106889175, 0.4436479412235217, 0.43920626489958453, 0.4342947447321554, 0.43001612707756565, 0.426208569911187, 0.4229630704267304, 0.4191541649347194, 0.41696165622198506, 0.4132518066849179, 0.4102855112160677, 0.40840041468702787, 0.40631109845919, 0.4037891340347518, 0.4009304041096911, 0.398694559580822, 0.3960821869904583, 0.3950972061037371, 0.3928387384065357, 0.3915461731156794, 0.3882042988864841, 0.38816378312860284, 0.38572401373876597]
val_loss -----> [0.5632952561786583, 0.5321002599892317, 0.5139783799379798, 0.503095807792904, 0.4930721451570321, 0.48606821827523333, 0.4805407101238095, 0.4779595147382033, 0.47113700009681087, 0.4684903925066595, 0.46739114592741204, 0.4647488807504241, 0.4600562563350607, 0.46107259728350075, 0.46148329275148414, 0.45795654431656685, 0.45884092031298457, 0.4515056979280333, 0.45045560209063795, 0.4491376125060761, 0.4492879944878654, 0.4490689684947331, 0.4497288915219607, 0.4487129279353598, 0.4495953760437065, 0.44627469670665154, 0.44419118305584326, 0.4648299692450342, 0.4465566472158776, 0.4497020431198516]
test_loss -----> [0.4563747283977433]
val_auc_roc -----> [0.7888915050879385, 0.8150631641448783, 0.8290063676009909, 0.8373804795151614, 0.8449509633299893, 0.8501310374480457, 0.8534632788026453, 0.8575991482565877, 0.8605372535369874, 0.8625079339079871, 0.8643404107205013, 0.865630310599701, 0.8672478040990151, 0.8689830265555578, 0.8697968919555291, 0.8709178763743577, 0.8716600806699291, 0.8726428615302717, 0.8731598452120144, 0.8737792019000431, 0.8741067955201571, 0.8744804569931, 0.8750127966257857, 0.8757345263201001, 0.8762003234986999, 0.8763590016584426, 0.8767377817816998, 0.8769118158923854, 0.8769783583464711, 0.8771267992055855]
val_auc_pr -----> [0.7731135312532916, 0.8029472717743102, 0.8160620058008018, 0.823882944840038, 0.8318422900493645, 0.8364133593938182, 0.8401181105909917, 0.844106973171547, 0.84792956429109, 0.8488521454571628, 0.8516232295472523, 0.8518193489374063, 0.8544077359616294, 0.8555118247896295, 0.8562616868467295, 0.8578019935033327, 0.8576007285380699, 0.8594856502372581, 0.8590223297979905, 0.8589885736936262, 0.8603561866556404, 0.8604809475809834, 0.8607340914236228, 0.8616279365194428, 0.8615804369838174, 0.8615817832980462, 0.8623969082163973, 0.8621316362608913, 0.8624557347755076, 0.8623123914590631]
test_auc_roc -----> [0.8668396172028132]
test_auc_pr -----> [0.8578262381492718]
cm -----> [[212  45]
 [ 82 250]]
--------
