--------
epochs_index -----> 29
train_acc -----> [0.617527186870575, 0.6741394996643066, 0.6843296885490417, 0.6929348111152649, 0.7010869383811951, 0.7110507488250732, 0.713994562625885, 0.7167119383811951, 0.7124094367027283, 0.7085598111152649, 0.7216938138008118, 0.7293931245803833, 0.7090126872062683, 0.7205616235733032, 0.7228260636329651, 0.710597813129425, 0.7228260636329651, 0.7284873127937317, 0.72486412525177, 0.7196558117866516, 0.720108687877655, 0.7273550629615784, 0.726222813129425, 0.7273550629615784, 0.7237318754196167, 0.7361866235733032, 0.7257699370384216, 0.7253170013427734, 0.7198822498321533, 0.726902186870575]
test_acc -----> [0.7198641896247864]
val_acc -----> [0.6527149081230164, 0.6742081642150879, 0.679864227771759, 0.6843891143798828, 0.6945701241493225, 0.7024886608123779, 0.6911764740943909, 0.7036198973655701, 0.7047511339187622, 0.7058823704719543, 0.7047511339187622, 0.7070135474205017, 0.7160633206367493, 0.709276020526886, 0.7138009071350098, 0.7228506803512573, 0.7171945571899414, 0.7149321436882019, 0.7160633206367493, 0.7104072570800781, 0.7183257937431335, 0.7183257937431335, 0.7171945571899414, 0.7171945571899414, 0.7273755669593811, 0.7273755669593811, 0.7319004535675049, 0.7307692170143127, 0.7273755669593811, 0.7285068035125732]
train_f1_score -----> [0.6109308082747131, 0.6738864875447901, 0.6843273741472051, 0.6929316913426271, 0.7010863997079724, 0.710919736311223, 0.7139941935599154, 0.7166345170142268, 0.7123754331793045, 0.7085004494503785, 0.7216801201451191, 0.7293927640251674, 0.7089797105672535, 0.7205558573227016, 0.7227439617429795, 0.7105664155309535, 0.7227350871180563, 0.7284210103754594, 0.72477152665396, 0.7195637564722969, 0.720100423294036, 0.7273112158867128, 0.7261395579773071, 0.7273080271483063, 0.7236964574431477, 0.7360888120196587, 0.725620654186987, 0.7253108121172339, 0.7198780900481521, 0.7268079717990747]
test_f1_score -----> [0.7174895663895411]
val_f1_score -----> [0.6503304177472504, 0.6707958510217404, 0.6768767927837168, 0.6810088222775393, 0.6926428952062922, 0.6988628881087096, 0.6856702570181128, 0.6984270784080485, 0.7010010900980976, 0.700546682382226, 0.7005260642318871, 0.704148016644228, 0.7115148786694203, 0.7046188201102906, 0.7071724704802921, 0.7188846193778651, 0.7122395784077251, 0.7086308867539309, 0.7108230813760924, 0.7038029771771434, 0.7127649113687674, 0.7129477073732461, 0.7113299671390314, 0.711518374369631, 0.7225147684380321, 0.7214437429314287, 0.7272851475851273, 0.7240442126766561, 0.7228468755290922, 0.7234100199030105]
train_loss -----> [0.6567779961919434, 0.6170663929179958, 0.6034704000297663, 0.5932068046776279, 0.5795957773815897, 0.5723262001638821, 0.5679284675937629, 0.5611402328139625, 0.5637965780021483, 0.5637902192825427, 0.5545644373565486, 0.5510171466115592, 0.5593658891654969, 0.5488327214953262, 0.553709594208909, 0.5636033352086519, 0.5497225669307121, 0.5474471443643175, 0.5457453618662949, 0.5487915448088581, 0.5425217763615265, 0.5409472123922217, 0.5438214154185158, 0.5413749874771939, 0.5517024683995528, 0.542138295194161, 0.5432559590030839, 0.5452951975976643, 0.5461340666195186, 0.5445282253288277]
val_loss -----> [0.6494657708717898, 0.6306715825119534, 0.6167532941242597, 0.6114767803265171, 0.6032487250663137, 0.5972145484374449, 0.5969550416276265, 0.5918225855440711, 0.5871352620489959, 0.5855889376756306, 0.5817689194872573, 0.57600272024, 0.5761028887989283, 0.5761681362852324, 0.5761441741440748, 0.5723743191710459, 0.573648408726529, 0.5748530508161664, 0.5707019983648178, 0.5719491458153939, 0.5685676768556374, 0.5666703605974045, 0.5697875959916155, 0.5694870637343812, 0.5671225753990377, 0.5712643923523191, 0.5687377434056083, 0.5684443105448472, 0.5657132608933494, 0.5627293073916216]
test_loss -----> [0.5544372072090973]
val_auc_roc -----> [0.6971269015785917, 0.722029135357589, 0.7398727503531869, 0.7454879097479576, 0.7545888700067566, 0.7618778280542987, 0.76265586290207, 0.7665767490428125, 0.7701751602137549, 0.776245879486497, 0.7769778464814397, 0.7803356810876108, 0.7845432116459532, 0.7836474478409533, 0.7867135193792101, 0.7888326406093242, 0.7879061649024386, 0.78829006367601, 0.790537151163981, 0.7911155586494952, 0.7941918674883807, 0.7937772568129235, 0.7931630187752094, 0.7930094592657808, 0.7937977314141806, 0.7912128130054668, 0.7925590180381237, 0.797733973505866, 0.7936339346041236, 0.7978312278618374]
val_auc_pr -----> [0.6784304596958433, 0.7026143960571036, 0.712491302325629, 0.7129253410862566, 0.7249559364580548, 0.7349347136349326, 0.7347356702580399, 0.7381469635370694, 0.7401086472356169, 0.7521360963818229, 0.7509783498140851, 0.7510442767586667, 0.7591411418561627, 0.7571251964404689, 0.7575034490498826, 0.762435786338352, 0.7558898459645985, 0.758166696941531, 0.7610198248957818, 0.7607860746409971, 0.7678103689272116, 0.7673938688755949, 0.7645024457548402, 0.7630553560059258, 0.7645366612733476, 0.7604585798935688, 0.7568259098072564, 0.7675385057039091, 0.7683300187663675, 0.7698012711226753]
test_auc_roc -----> [0.8001844805718897]
test_auc_pr -----> [0.7764866983991109]
cm -----> [[185  56]
 [109 239]]
--------
