--------
epochs_index -----> 15
train_acc -----> [0.688566552901024, 0.7935153583617743, 0.7875426621160412, 0.8165529010238906, 0.8242320819112631, 0.8182593856655291, 0.8088737201365188, 0.8370307167235491, 0.810580204778157, 0.8174061433447096, 0.8395904436860069, 0.8353242320819114, 0.843856655290102, 0.8250853242320824, 0.8370307167235497, 0.8412969283276444]
test_acc -----> [0.8869047619047619]
val_acc -----> [0.7916666666666667, 0.818452380952381, 0.8244047619047616, 0.8363095238095241, 0.8392857142857145, 0.8601190476190477, 0.8601190476190474, 0.8392857142857144, 0.8720238095238093, 0.8749999999999999, 0.8392857142857142, 0.8749999999999998, 0.8601190476190476, 0.880952380952381, 0.869047619047619, 0.8750000000000001]
train_f1_score -----> [0.35119453441205917, 0.6219567608436102, 0.6085324153762992, 0.6731512996674055, 0.6808873633606939, 0.6753128469814369, 0.6626848608879408, 0.689419786696644, 0.6815699572593285, 0.6864618798745542, 0.7127417431568646, 0.6988623348401215, 0.7112627898673487, 0.7022753040222033, 0.7026166010070911, 0.6996586944466625]
test_f1_score -----> [0.7553287892100878]
val_f1_score -----> [0.6007936431962966, 0.5841269768058864, 0.6472222140568784, 0.6503968172587963, 0.7126984041465609, 0.7015872928369706, 0.6599206267816137, 0.6399659782695943, 0.7265872927457014, 0.6980158643371693, 0.667460308935053, 0.7285714196698414, 0.7476190386154762, 0.7277777688796301, 0.7146825309401453, 0.7416666574940475]
train_loss -----> [0.5871097142379033, 0.48031658554646733, 0.46198390785337695, 0.43445506981818727, 0.4095424640249879, 0.41680054722589044, 0.41751111858228745, 0.3932996485573033, 0.4070482840411899, 0.39493842014833125, 0.3828075050849963, 0.3742777007304565, 0.37781938030654655, 0.3803440243285468, 0.36970123780872244, 0.37874431202486925]
val_loss -----> [0.527254113129207, 0.44920762663795843, 0.4294923774543263, 0.4062901832872912, 0.4098697428015017, 0.38193589910155257, 0.370092270718444, 0.35962717146390966, 0.3486031955551535, 0.3457955335754722, 0.3683230910184129, 0.33974948037593133, 0.35846925908256144, 0.3380963738032039, 0.3312075627258136, 0.3475727466422886]
test_loss -----> [0.2603373876994564]
cm -----> [[92  7]
 [12 57]]
--------
