--------
epochs_index -----> 39
train_acc -----> [0.6750848889350891, 0.7177419066429138, 0.7387521266937256, 0.7597622871398926, 0.7572156190872192, 0.7756791114807129, 0.7748302221298218, 0.7856536507606506, 0.7905347943305969, 0.7924448251724243, 0.7973259687423706, 0.816426157951355, 0.8102716207504272, 0.8230050802230835, 0.8230050802230835, 0.8272495865821838, 0.8304329514503479, 0.8389219045639038, 0.8287351727485657, 0.8474108576774597, 0.8476231098175049, 0.8527164459228516, 0.8501697778701782, 0.8584465384483337, 0.8569609522819519, 0.8626909852027893, 0.8643888235092163, 0.8775466680526733, 0.8654499053955078, 0.8701188564300537, 0.8769100308418274, 0.8837012052536011, 0.8777589201927185, 0.8845500946044922, 0.8873090147972107, 0.8845500946044922, 0.8945246338844299, 0.8917657136917114, 0.896010160446167, 0.8985568881034851]
test_acc -----> [0.8149405717849731]
val_acc -----> [0.7385398745536804, 0.7572156190872192, 0.7691001892089844, 0.7538200616836548, 0.7623090147972107, 0.7894737124443054, 0.7724957466125488, 0.7724957466125488, 0.7979626655578613, 0.8149405717849731, 0.7962648272514343, 0.7317487001419067, 0.8285229206085205, 0.7945670485496521, 0.8149405717849731, 0.8183361887931824, 0.8081493973731995, 0.7538200616836548, 0.7758913636207581, 0.8115450143814087, 0.803056001663208, 0.833616316318512, 0.8183361887931824, 0.825127363204956, 0.804753839969635, 0.8353140950202942, 0.804753839969635, 0.803056001663208, 0.8302206993103027, 0.825127363204956, 0.8302206993103027, 0.8387096524238586, 0.8421052694320679, 0.8455008268356323, 0.8488964438438416, 0.831918478012085, 0.8471986651420593, 0.852292001247406, 0.825127363204956, 0.8302206993103027]
train_f1_score -----> [0.6749471361374301, 0.7176478764566501, 0.7386748953188141, 0.7597061995879559, 0.7571347140871638, 0.7755454176343799, 0.7747307755828156, 0.7854903690392212, 0.7904531722677977, 0.7923621840985461, 0.7972328111496726, 0.8163167315927116, 0.8101358813642172, 0.8229346225131522, 0.8228902215959657, 0.8271778355127868, 0.8303017697900854, 0.8388563952583823, 0.8286294825601029, 0.8473230557682939, 0.8475598100957897, 0.8526361543087773, 0.8501221437491374, 0.858359187320231, 0.8569015484463327, 0.8626147580005878, 0.8643079657311643, 0.8775139760441616, 0.8653765439937662, 0.8700105537486629, 0.8768353685780086, 0.8836624303655847, 0.8776946570463388, 0.8844824642685944, 0.8872394719443555, 0.8845151061292953, 0.8944869707492633, 0.8917045158729344, 0.8959921748602102, 0.8985261404404834]
test_f1_score -----> [0.8125873872091214]
val_f1_score -----> [0.7373885300301031, 0.7558531480395547, 0.7686834334293842, 0.7500855871869089, 0.7597319297631628, 0.7894682174619504, 0.7696909164384853, 0.7715944294069734, 0.7970265297288608, 0.8149064261540662, 0.7961655542227394, 0.7203329679227584, 0.8281345197515022, 0.7933063565720487, 0.813597307598857, 0.8180823591615023, 0.8075079845208047, 0.7403827107676635, 0.7696437411237069, 0.8103884754502482, 0.8003156368511408, 0.833508313501407, 0.8170175403981752, 0.8244716043951299, 0.8024210553433377, 0.8347634904270644, 0.8014480596682401, 0.7986633299179929, 0.8296860853445864, 0.8244716043951299, 0.8298081318318066, 0.8383947732460011, 0.8416378235893438, 0.8454366877179341, 0.8488807479588347, 0.8312159659557659, 0.8471241644092686, 0.8520463649291203, 0.8232936473233895, 0.8288347929874886]
train_loss -----> [0.606619397908803, 0.5495497563091728, 0.527848947483331, 0.5051196673299946, 0.493924767677064, 0.47894421092697803, 0.4778519302404188, 0.4532931702549876, 0.4465443635318293, 0.4375422728360207, 0.42766807209984964, 0.4145198513284103, 0.41026195927391834, 0.3959804937790552, 0.3951686143698026, 0.383147551546882, 0.37748475300056444, 0.3670005484156831, 0.36631090305302877, 0.35275293098595006, 0.3507628487565366, 0.3333331837472215, 0.3343182693920233, 0.32458786425103275, 0.32860291547478765, 0.3195314410637511, 0.31827424040478486, 0.29893914929153126, 0.3066637944220608, 0.3082753189006133, 0.29083332447856947, 0.27975143947289116, 0.28039795695685504, 0.2753286731124226, 0.27439407933051196, 0.2714576113539004, 0.254592274903859, 0.2617639952460983, 0.24458827583059176, 0.24555968347990634]
val_loss -----> [0.5181164942883157, 0.4815154840817322, 0.4648484436644091, 0.509651700789864, 0.4645497460623045, 0.4416068106688359, 0.4692032976529082, 0.4465430137776845, 0.45529938670429027, 0.43826363708924604, 0.4371307026091458, 0.7774438740735925, 0.41635048688968285, 0.4448322701595121, 0.4947413352594989, 0.42150188287770424, 0.40350831612139126, 0.6718400881399176, 0.5610370825271349, 0.45271406954506777, 0.4644962046798822, 0.4109124955784127, 0.4554258621473975, 0.46943883416620463, 0.4603778427416409, 0.4923808958186339, 0.5218388675334487, 0.5343199748847935, 0.4280439522872503, 0.46419915629903213, 0.4269001179475439, 0.4746031083380552, 0.4589606772265021, 0.46584614906522953, 0.4528397805233663, 0.4694279101047966, 0.47550304920563613, 0.44385137634251165, 0.5360910937825619, 0.5363809833164657]
test_loss -----> [0.6098586539989587]
val_auc_roc -----> [0.8306583650409316, 0.8527383834889888, 0.8595872247203965, 0.8579614896806179, 0.8641185287674393, 0.8748760521157616, 0.8716245820362042, 0.8799492678427303, 0.8806871901302894, 0.8909950420846304, 0.8854952150351666, 0.8533494753833737, 0.9062492793727659, 0.8919174449440793, 0.8988008762827164, 0.9013490141819439, 0.9057073676928398, 0.8853453245705062, 0.8942349821284445, 0.9113570852069641, 0.9017986855759252, 0.9176409546869595, 0.9077366539836274, 0.9091317883085437, 0.9108267035627811, 0.921123025481379, 0.9070217917675545, 0.910307851954341, 0.9145739651792921, 0.9098235904531303, 0.9182981667243169, 0.9148391560013837, 0.9215381067681311, 0.9232330220223682, 0.9289749798224375, 0.9187939582612706, 0.9268765133171912, 0.9203966332295631, 0.9170068027210885, 0.9187074829931973]
val_auc_pr -----> [0.8299991984565596, 0.854510957114229, 0.8553765039756827, 0.856120385106595, 0.864576946015242, 0.8752270606865546, 0.8661238804235019, 0.8801362975670156, 0.8795077363430961, 0.8869533880452484, 0.8822012232052037, 0.8304260025402382, 0.9003345944465179, 0.8850905301060379, 0.9011046605887552, 0.8918435049195543, 0.9043468544882005, 0.876500660313938, 0.887339987224087, 0.9107290933118344, 0.9004167706306633, 0.918752407797966, 0.9084196342588653, 0.9114553674618854, 0.9104397613175524, 0.9200692463910081, 0.8996309768140889, 0.9028334943690954, 0.9116175421991017, 0.903007466867774, 0.910727658690491, 0.9086827093018456, 0.9172051063307525, 0.9225969070907256, 0.9300277304351388, 0.9149370308168604, 0.9269553802949355, 0.9155763014053565, 0.9076825796705761, 0.9117455897837216]
test_auc_roc -----> [0.9093047388446904]
test_auc_pr -----> [0.8940005532917165]
cm -----> [[207  22]
 [ 87 273]]
--------
