--------
epochs_index -----> 29
train_acc -----> [0.6073369383811951, 0.6702898740768433, 0.6711956262588501, 0.69361412525177, 0.6974637508392334, 0.6938405632972717, 0.6985960006713867, 0.7056159377098083, 0.707880437374115, 0.6990489363670349, 0.6985960006713867, 0.7124094367027283, 0.7076539993286133, 0.7083333134651184, 0.7110507488250732, 0.711277186870575, 0.7115036249160767, 0.7053894996643066, 0.7083333134651184, 0.7119565010070801, 0.7155796885490417, 0.7164855003356934, 0.7185235619544983, 0.7180706262588501, 0.7182971239089966, 0.7194293737411499, 0.70923912525177, 0.7212409377098083, 0.7158061861991882, 0.7081068754196167]
test_acc -----> [0.7300509214401245]
val_acc -----> [0.6606335043907166, 0.6674208045005798, 0.6787330508232117, 0.6877828240394592, 0.6968325972557068, 0.7058823704719543, 0.7002262473106384, 0.6866515874862671, 0.7058823704719543, 0.6990950107574463, 0.709276020526886, 0.7104072570800781, 0.7138009071350098, 0.7104072570800781, 0.7126696705818176, 0.7104072570800781, 0.7138009071350098, 0.7285068035125732, 0.7273755669593811, 0.7115384340286255, 0.7251130938529968, 0.733031690120697, 0.7194570302963257, 0.7239819169044495, 0.7251130938529968, 0.7217194437980652, 0.7273755669593811, 0.7251130938529968, 0.7036198973655701, 0.7307692170143127]
train_f1_score -----> [0.6047683688365417, 0.6701972397070952, 0.6711464735848967, 0.6936026715060088, 0.6974597915180754, 0.693807350679299, 0.698579177208074, 0.7055685889810255, 0.7078650897825421, 0.6989476209822452, 0.698558895598596, 0.7124046370380056, 0.7075404673626613, 0.7083117296101782, 0.71104354797576, 0.7112679151777801, 0.7114135841022371, 0.7053532103859185, 0.7082641532808889, 0.7119432225281093, 0.7154909431258684, 0.7164259403759571, 0.7184587369907827, 0.7180439133986218, 0.7182901046408579, 0.7194261056071791, 0.7092047687182816, 0.7212408083746022, 0.7157241562132062, 0.7080792004747003]
test_f1_score -----> [0.7283943048321901]
val_f1_score -----> [0.6603831524521222, 0.667420809464538, 0.6785339245012243, 0.6864329618019376, 0.6966446890352659, 0.7052169268094881, 0.6999862916387842, 0.6865067579285449, 0.7046107608278589, 0.6988344938230168, 0.7091684570432122, 0.7087839353030776, 0.7134485116365055, 0.7082508201042007, 0.7110590607695035, 0.7089756795404916, 0.7136686268427226, 0.7280557784208848, 0.7269951139537918, 0.7115085536150392, 0.724774657223344, 0.7312488356297913, 0.7192141142021753, 0.7238405390700886, 0.723120107519071, 0.7211485147206832, 0.7258004472842026, 0.7246307092588791, 0.7036138360980245, 0.7299730939571949]
train_loss -----> [0.6563363690199189, 0.6190525391071608, 0.6049754765910519, 0.5915079870517708, 0.5829585066092196, 0.5793971256825373, 0.5836272524750753, 0.5726453219742875, 0.5726349279824374, 0.5711413525260883, 0.5724986126187495, 0.5631669729246178, 0.5656089231749805, 0.5733455011648114, 0.5629499756015728, 0.5581082324564889, 0.5581196012866234, 0.5631249715992503, 0.558041315471781, 0.5602965617039491, 0.5567466060536489, 0.5556795618402354, 0.5600650760790575, 0.5558557093845325, 0.5537804233423179, 0.5486436452500637, 0.5642877926753055, 0.5572029533323598, 0.5593908455060878, 0.5630980008214281]
val_loss -----> [0.6343118806143065, 0.617758256895048, 0.6096328239183167, 0.603135033502235, 0.5957324107487996, 0.5887980206055684, 0.5870315295618935, 0.5918186913739457, 0.581123043556471, 0.5847813999867656, 0.5808632897364129, 0.5771049602074664, 0.5804858572848204, 0.5787109686984675, 0.5760635451690574, 0.5737433859088398, 0.5740099847316744, 0.5657421633735431, 0.5668034169587998, 0.576220891497157, 0.5615153692595596, 0.565529019982965, 0.5706849201573985, 0.5675484403833616, 0.5716471690852364, 0.5689355484000199, 0.5679631768851663, 0.5693352466767971, 0.5727199074384327, 0.5722937320803735]
test_loss -----> [0.5391118361337763]
val_auc_roc -----> [0.7145303126471612, 0.7273934808869598, 0.7368271534161873, 0.7467419790749574, 0.7503659834974713, 0.7606442333285559, 0.7613557257222415, 0.7527128846665712, 0.7698322106426977, 0.7607977928379845, 0.7696121086791835, 0.7729750619356688, 0.7693664134640978, 0.7759489977682685, 0.778257509060011, 0.7755906922462685, 0.7740192665997829, 0.7854133821993817, 0.7837447021969247, 0.772458078253926, 0.7904194222067524, 0.7881928093200383, 0.7782677463606398, 0.7807758850146395, 0.7816358182674392, 0.7795934767920395, 0.7848093814622961, 0.7797931041542966, 0.7760053029217256, 0.7781448987530968]
val_auc_pr -----> [0.6957512838032172, 0.7075170687594357, 0.7098165970195538, 0.7202962657100018, 0.7218016573103583, 0.7294172635743552, 0.7331475827457018, 0.7298253543223556, 0.7390811917085205, 0.7405937753792424, 0.7430292329430205, 0.7426202236846451, 0.7440315726611039, 0.7432011080724198, 0.7453373719552865, 0.7375921019553933, 0.7449158241413975, 0.7506031899786355, 0.746262584003219, 0.7414664521879494, 0.7580712574482851, 0.7518118699356928, 0.7391219291297317, 0.7470638537113148, 0.7442205500790927, 0.7437814746037201, 0.7526231290351505, 0.7451550996366467, 0.7416584566778431, 0.7406966400808592]
test_auc_roc -----> [0.8137553326415312]
test_auc_pr -----> [0.786113321872997]
cm -----> [[192  57]
 [102 238]]
--------
