--------
epochs_index -----> 15
train_acc -----> [0.8916382252559726, 0.9564846416382256, 0.9812286689419798, 0.9641638225255973, 0.9846416382252563, 0.992320819112628, 0.9897610921501713, 0.9906143344709901, 0.9872013651877137, 0.991467576791809, 0.9957337883959044, 0.9846416382252563, 0.9940273037542663, 0.9889078498293519, 0.9880546075085329, 0.9940273037542662]
test_acc -----> [0.9345238095238095]
val_acc -----> [0.9047619047619047, 0.9107142857142854, 0.800595238095238, 0.9077380952380953, 0.9166666666666666, 0.9107142857142856, 0.9196428571428571, 0.8839285714285713, 0.9107142857142855, 0.9047619047619048, 0.9255952380952379, 0.9107142857142856, 0.9107142857142853, 0.8988095238095238, 0.8958333333333329, 0.8839285714285715]
train_f1_score -----> [0.6756866491685175, 0.7864781315136482, 0.8215016968347556, 0.8176174126917536, 0.8466439035026548, 0.8529822749837557, 0.8411181438349743, 0.8268486820481612, 0.8133268229639702, 0.8218429939601816, 0.8438810237569829, 0.8458963007126761, 0.8764505014488055, 0.8377376791028303, 0.8152120822480706, 0.8263936195764124]
test_f1_score -----> [0.8182539583716932]
val_f1_score -----> [0.8100906931813181, 0.7625850245372533, 0.7251133703889281, 0.7910430743489769, 0.8005668835840958, 0.7693310563629808, 0.7804421672803084, 0.7920067933629671, 0.7736961355785893, 0.7797618953521827, 0.7721088340203882, 0.7518707390342768, 0.8108843438524824, 0.7701247069932717, 0.7925169970264415, 0.770181396555295]
train_loss -----> [0.2602393852641953, 0.11956178252781048, 0.06396656384324283, 0.10690161893700982, 0.05490317614552758, 0.033373398297646795, 0.04130422506993757, 0.018112829471191038, 0.051065359663760364, 0.042354958392879845, 0.00891160805936231, 0.0926552455055712, 0.040916631592007535, 0.06969605202806901, 0.08578031638817311, 0.025575309352319112]
val_loss -----> [0.26841086188055446, 0.37398678313907324, 1.2767247677679663, 0.5836189917612582, 0.5318516504580036, 0.6176457503907877, 0.686691114147702, 1.4341602039818695, 0.9930702382450886, 0.908058810081715, 0.9666733180078891, 1.1905367018850552, 1.3414960174060362, 1.6902043155433666, 1.5691213257137142, 1.8582814913424386]
test_loss -----> [1.089263751572991]
cm -----> [[98  5]
 [ 6 59]]
--------
