--------
epochs_index -----> 39
train_acc -----> [0.6216044425964355, 0.6693548560142517, 0.6784804463386536, 0.695246160030365, 0.6935483813285828, 0.6939728260040283, 0.6999151110649109, 0.7056451439857483, 0.6982173323631287, 0.6967317461967468, 0.7107385396957397, 0.710101842880249, 0.695246160030365, 0.710101842880249, 0.7094652056694031, 0.7022495865821838, 0.7011884450912476, 0.7041596174240112, 0.7026740312576294, 0.6992784142494202, 0.700764000415802, 0.7166808247566223, 0.7175297141075134, 0.7120118737220764, 0.7073429822921753, 0.7158319354057312, 0.7045840620994568, 0.7175297141075134, 0.7064940333366394, 0.7111629843711853, 0.7168930172920227, 0.7213497161865234, 0.7126485705375671, 0.7185908555984497, 0.7128607630729675, 0.7147707939147949, 0.708616316318512, 0.706281840801239, 0.7067062854766846, 0.725806474685669]
test_acc -----> [0.6808149218559265]
val_acc -----> [0.6230899691581726, 0.6655347943305969, 0.6791171431541443, 0.6842105388641357, 0.6926994919776917, 0.685908317565918, 0.6757215857505798, 0.6943972706794739, 0.6926994919776917, 0.6994906663894653, 0.6960950493812561, 0.685908317565918, 0.7181664109230042, 0.7079796195030212, 0.7113752365112305, 0.6977928876876831, 0.6808149218559265, 0.706281840801239, 0.7096773982048035, 0.7079796195030212, 0.7079796195030212, 0.7079796195030212, 0.7011884450912476, 0.7028862237930298, 0.7079796195030212, 0.7215619683265686, 0.7045840620994568, 0.706281840801239, 0.7130730152130127, 0.706281840801239, 0.7130730152130127, 0.7028862237930298, 0.7215619683265686, 0.7096773982048035, 0.7045840620994568, 0.7096773982048035, 0.7096773982048035, 0.7147707939147949, 0.7011884450912476, 0.7096773982048035]
train_f1_score -----> [0.6215667584406013, 0.6693545954354472, 0.6784682914465244, 0.6952434846768392, 0.6934768142808908, 0.6939090836138115, 0.6998104044566757, 0.7056106695714026, 0.6981776729717932, 0.6967217860437309, 0.7106530324775864, 0.7100765825109261, 0.6951967539651521, 0.7100692170365319, 0.7094386898550766, 0.7022199440217272, 0.7010979296919242, 0.7041542576797921, 0.7026611491833263, 0.6991456275038404, 0.700724696786347, 0.7166771221243871, 0.7174581258652877, 0.7119994141481774, 0.7073030711935879, 0.7157258882011718, 0.704548053937522, 0.7174725848696485, 0.7063747006109653, 0.7111264363458314, 0.716850133603941, 0.7212632555193358, 0.7125737791855209, 0.7185538634882231, 0.7128126461433054, 0.7147436072627151, 0.7085897159905299, 0.7061494810701452, 0.7066758385768037, 0.725775569576081]
test_f1_score -----> [0.680740394009578]
val_f1_score -----> [0.60219168608504, 0.6653959122400961, 0.6761900556700988, 0.6826729181864273, 0.6926675937487664, 0.6843030802639487, 0.6720881851472484, 0.6943541083098119, 0.6850146350739146, 0.6989039502770755, 0.6897856452664997, 0.682155613791884, 0.7181460675739718, 0.7078777343090625, 0.7108542930413366, 0.6956867475934929, 0.6743482917106468, 0.7049209236414309, 0.7090198339535922, 0.7078372965660886, 0.7069448251325597, 0.7057736938975396, 0.699587327500731, 0.7027628656411568, 0.7075336562697733, 0.7209756385603663, 0.7045423045321073, 0.7061971399020885, 0.7129902694989698, 0.7062784419822035, 0.7129538529330478, 0.700729625318564, 0.7215418980244814, 0.7093422859245242, 0.7037634358493593, 0.7096238457277821, 0.7087067756086339, 0.714730500753595, 0.7009945262109913, 0.7095132980283073]
train_loss -----> [0.6510492951841633, 0.6132735758766863, 0.5978603061472022, 0.583147196089675, 0.5852525718952882, 0.5821983165064973, 0.5767454699263707, 0.5705297800549433, 0.5709974659774423, 0.5767361901460156, 0.5637906720713164, 0.5594218837283861, 0.5721354315307227, 0.5583213306141215, 0.5641857320869712, 0.5630980236724596, 0.5713349549646892, 0.5607612292916334, 0.5657692257131497, 0.5677092293931995, 0.5634526027483526, 0.5559042507248134, 0.5531224024518431, 0.5572049092811319, 0.5561039448037415, 0.564057907067454, 0.5616430533964483, 0.554124315444803, 0.5627635312606611, 0.554643569656463, 0.5564703479636905, 0.5512892111554007, 0.5586421522604389, 0.5522233229541617, 0.5589691162463565, 0.55205720351892, 0.5613108775712842, 0.5585654687345124, 0.5534107199346677, 0.5450898495918619]
val_loss -----> [0.6591917409284699, 0.6077193927925988, 0.6065352796702771, 0.5900073816647399, 0.5814147595618222, 0.5804854101828629, 0.5825505802357521, 0.5715141445398331, 0.584219655676468, 0.5640363117327563, 0.5829955363595805, 0.57064008954409, 0.5595992128994014, 0.5576819594244699, 0.5502872978513306, 0.5584353730082512, 0.5782234155245731, 0.56029756951171, 0.5549561089357813, 0.558142766155101, 0.5576551222317927, 0.5580317637807611, 0.5589815652048266, 0.548462449698835, 0.5485510054875066, 0.5610628391842586, 0.5533877280918327, 0.5534790903329848, 0.547507196463443, 0.550844520733163, 0.5498087619607511, 0.5628144781331758, 0.5443413867741017, 0.5497220468682211, 0.5515152991220758, 0.544574597397366, 0.5519708993064391, 0.550023791959157, 0.5529951733109114, 0.5527446989876195]
test_loss -----> [0.5760738704655622]
val_auc_roc -----> [0.6834313386371498, 0.7319958491871326, 0.7382451285598985, 0.7533610054191169, 0.761086129367001, 0.7648449210192552, 0.7680848610630693, 0.7700680272108843, 0.7791421653407127, 0.7794650063415197, 0.7789000345901071, 0.7827856566355356, 0.7838233598524156, 0.7853799146777355, 0.7922748760521157, 0.7899688689034937, 0.7813789922748761, 0.7858411161074599, 0.7895307275452554, 0.7828433068142511, 0.7868442292171106, 0.7910526922633461, 0.7872708405396055, 0.7930243283754179, 0.794177331949729, 0.7870863599677159, 0.7896344978669434, 0.7900265190822091, 0.795226565202352, 0.7920788654444828, 0.7926899573388677, 0.7871555401821746, 0.7977631730658366, 0.7931857488758215, 0.7927706675890696, 0.7975671624582036, 0.7933471693762251, 0.7925054767669779, 0.790637610976594, 0.792194165801914]
val_auc_pr -----> [0.680485023466629, 0.7207387987940594, 0.7289725727193554, 0.7435615633196522, 0.7420281107456985, 0.7483512812398503, 0.749846227861699, 0.7600273591230797, 0.7664506375909919, 0.7683579609490488, 0.7595673333866793, 0.7693280830421674, 0.7673544910219949, 0.766836412605203, 0.7773264384726835, 0.774585960029385, 0.7693947968007264, 0.7694327211622265, 0.7701258160164075, 0.7724566604282257, 0.774313523144661, 0.7786593536793422, 0.7706768198345866, 0.7727841062483634, 0.7747666710538502, 0.7687298859971323, 0.7702508483697679, 0.7706952695390288, 0.777514169747858, 0.7728835531071314, 0.7715844669694585, 0.7718153030856755, 0.7766456584851665, 0.7751396082337869, 0.7704861708177606, 0.7777348630983892, 0.7761232736865902, 0.7754240706139413, 0.7747276199355984, 0.7742330730757407]
test_auc_roc -----> [0.7673930589184828]
test_auc_pr -----> [0.7791846040163899]
cm -----> [[205  99]
 [ 89 196]]
--------
