--------
epochs_index -----> 29
train_acc -----> [0.7352808117866516, 0.8426177501678467, 0.9207427501678467, 0.953125, 0.9680706262588501, 0.9805253744125366, 0.9773550629615784, 0.9832427501678467, 0.9852808117866516, 0.989130437374115, 0.9818840622901917, 0.9889039993286133, 0.9868659377098083, 0.9846014380455017, 0.985733687877655, 0.9875453114509583, 0.98777174949646, 0.9934329986572266, 0.99048912525177, 0.9932065010070801, 0.9909420013427734, 0.9873188138008118, 0.9886775612831116, 0.9927536249160767, 0.9916213750839233, 0.9947916865348816, 0.9907155632972717, 0.9943387508392334, 0.9907155632972717, 0.9923007488250732]
test_acc -----> [0.8268251419067383]
val_acc -----> [0.7432126402854919, 0.8110859990119934, 0.7918552160263062, 0.8156108856201172, 0.807692289352417, 0.8110859990119934, 0.8065611124038696, 0.8348416090011597, 0.8404977321624756, 0.7782805562019348, 0.8269230723381042, 0.8348416090011597, 0.8156108856201172, 0.8257918357849121, 0.8156108856201172, 0.8269230723381042, 0.8359728455543518, 0.8133484125137329, 0.8393664956092834, 0.8382353186607361, 0.8393664956092834, 0.8359728455543518, 0.8337104320526123, 0.8404977321624756, 0.7963801026344299, 0.8495475053787231, 0.8472850918769836, 0.8325791954994202, 0.8461538553237915, 0.8246606588363647]
train_f1_score -----> [0.7352123448038083, 0.8425915233674208, 0.9207400010881923, 0.953124588764205, 0.9680705669409724, 0.9805253533198189, 0.97735506281448, 0.983242745181538, 0.98528078530388, 0.9891304208599911, 0.9818840529665677, 0.9889039799337724, 0.9868659370245172, 0.9846014442709042, 0.9857336548009111, 0.9875452688838735, 0.9877717316177395, 0.9934329656732412, 0.9904891176269235, 0.9932065111607977, 0.9909420221230754, 0.9873188121651084, 0.9886775289049793, 0.9927536166975547, 0.9916213713774538, 0.9947916592584465, 0.9907155628031867, 0.9943387628211352, 0.9907155704207733, 0.9923007133161709]
test_f1_score -----> [0.8264604562286328]
val_f1_score -----> [0.7368933733918532, 0.8110799239838582, 0.7899586727143468, 0.8155992921471019, 0.8063352098425662, 0.8103518437841934, 0.8052329014866935, 0.8348340150985646, 0.8404958955347581, 0.7703774336802726, 0.826250491191244, 0.8347731191158521, 0.8154632642461177, 0.8253977161440849, 0.8156087310827095, 0.8265499613285365, 0.835743946231521, 0.8124553943383797, 0.8393591104377163, 0.8368656348848733, 0.8392051925594022, 0.8355466950868745, 0.8333160119092412, 0.8400833378428332, 0.7938464837507251, 0.8495149619530231, 0.8472801771083951, 0.8325654678812178, 0.8459993391406548, 0.8244717256093794]
train_loss -----> [0.5447055612002377, 0.35157230047279625, 0.20201956217425648, 0.1233391211282941, 0.0919185244854864, 0.06539557309006988, 0.05842533149251555, 0.0639610133359142, 0.04386793132698866, 0.039550333191995295, 0.0639457624877938, 0.03234570714557854, 0.04897613257050362, 0.05743610336056883, 0.050999781787254776, 0.043765097172187066, 0.039638883697177975, 0.02593113376368534, 0.04199550292854969, 0.030433322563953383, 0.03713547488794308, 0.04646347326149132, 0.042067167837596675, 0.02881448315741736, 0.03978303475955821, 0.016185830311300657, 0.03610567129727443, 0.027418301279242906, 0.03128707761669752, 0.03468742504243662]
val_loss -----> [0.5330215209239241, 0.42705491514087807, 0.6113630416845012, 0.6048775941620138, 0.6636326151589551, 0.7822823705555983, 0.9149063265827896, 0.7496269572996074, 0.9293261443635529, 1.5599070354487017, 0.9632023808118719, 1.1657058436816574, 1.1091298420186184, 1.2452050553626117, 0.9754156979400807, 0.9390503532465062, 1.0632331119191518, 1.4967972087386876, 0.9756242698901446, 1.1236388459377, 1.1832999404271898, 1.285211755009342, 1.3137340661200114, 1.3044680901009935, 1.379763614083827, 1.22566606425073, 1.3043801882619956, 1.3480461032769808, 1.5212756162733538, 1.796757476439301]
test_loss -----> [1.803800435165145]
val_auc_roc -----> [0.8562708585000307, 0.8898184926598555, 0.8926798181855408, 0.8967849757375975, 0.9093563809094818, 0.8983819946356546, 0.8959711103376262, 0.9058833766712393, 0.9106411621383673, 0.9033624413914539, 0.9131672160684671, 0.9081432607849962, 0.9004576073380971, 0.9105157552056674, 0.8991241989312259, 0.9108996539792387, 0.9071911918265392, 0.903418746544911, 0.9136048606703385, 0.9138761491369956, 0.9079103621956962, 0.9057938002907393, 0.9035825433549681, 0.9071144120718249, 0.908928973608239, 0.9123712659445957, 0.9113219426301673, 0.9074675989435106, 0.9112809934276529, 0.8961502630986261]
val_auc_pr -----> [0.8478588822112606, 0.8790975222689021, 0.8813014913689772, 0.882584194584697, 0.8965170836799478, 0.8833497955790243, 0.8731081491408863, 0.8936491916404243, 0.8966698141522609, 0.8814216311400002, 0.8995536523725816, 0.8859796658686162, 0.8939183458983593, 0.8953526605422452, 0.8891124826107715, 0.9003326294564192, 0.8843318747743998, 0.8879615164065652, 0.8919860112548132, 0.8899075051154608, 0.8882105244983596, 0.8800486259883188, 0.8720308602845479, 0.8738725632019528, 0.8889615984693267, 0.8825356525132093, 0.8856061366108575, 0.8834805230409942, 0.8810615068775463, 0.8629654298733886]
test_auc_roc -----> [0.8920846304623544]
test_auc_pr -----> [0.8564834048312873]
cm -----> [[230  38]
 [ 64 257]]
--------
