--------
epochs_index -----> 39
train_acc -----> [0.6564091444015503, 0.6956706047058105, 0.691426157951355, 0.7122241258621216, 0.6999151110649109, 0.7024617791175842, 0.7168930172920227, 0.712436318397522, 0.7166808247566223, 0.7052206993103027, 0.7134974598884583, 0.7177419066429138, 0.7185908555984497, 0.7166808247566223, 0.7141340970993042, 0.7226231098175049, 0.7224108576774597, 0.711799681186676, 0.7158319354057312, 0.7207130789756775, 0.7238964438438416, 0.7221986651420593, 0.7198641896247864, 0.7188030481338501, 0.7287775874137878, 0.7137096524238586, 0.7251697778701782, 0.7317487001419067, 0.7158319354057312, 0.7217742204666138, 0.7260186672210693, 0.7275042533874512, 0.7158319354057312, 0.7230475544929504, 0.7270798087120056, 0.7313242554664612, 0.7275042533874512, 0.7226231098175049, 0.7198641896247864, 0.7321732044219971]
test_acc -----> [0.7249575257301331]
val_acc -----> [0.7164685726165771, 0.7215619683265686, 0.6943972706794739, 0.6536502838134766, 0.706281840801239, 0.7130730152130127, 0.7147707939147949, 0.7079796195030212, 0.7198641896247864, 0.7096773982048035, 0.735144317150116, 0.6926994919776917, 0.7283531427383423, 0.7368420958518982, 0.7317487001419067, 0.7266553640365601, 0.7249575257301331, 0.7198641896247864, 0.735144317150116, 0.7198641896247864, 0.7215619683265686, 0.7419354915618896, 0.7334465384483337, 0.7113752365112305, 0.7232597470283508, 0.7317487001419067, 0.7283531427383423, 0.7334465384483337, 0.7334465384483337, 0.7300509214401245, 0.7266553640365601, 0.7113752365112305, 0.7215619683265686, 0.7266553640365601, 0.7164685726165771, 0.7232597470283508, 0.7249575257301331, 0.7334465384483337, 0.7283531427383423, 0.7419354915618896]
train_f1_score -----> [0.6564091476036953, 0.6956276328584055, 0.6913761005260398, 0.7121568973162169, 0.6998631426029784, 0.7024480715599968, 0.716840796826876, 0.7124100983809905, 0.716623516770093, 0.7051292172860335, 0.7134677148470084, 0.7177126375158864, 0.7184589005594527, 0.7166127932649997, 0.7140129271435187, 0.7225702928605678, 0.7223658450877295, 0.7117894785429005, 0.7157903245495185, 0.7206790507194702, 0.7237644388940248, 0.7221424594172041, 0.7198580647785102, 0.7187199323864246, 0.7287445491104443, 0.7136584859867507, 0.7251237076610368, 0.7316419244695367, 0.7157636930350912, 0.7217605415821405, 0.7259757089147465, 0.7274865161782387, 0.7157903245495185, 0.7229915275167598, 0.7270581063229256, 0.7312683071945365, 0.7274735536344106, 0.7225600944813397, 0.719798749467032, 0.7321405484329598]
test_f1_score -----> [0.7234837896875124]
val_f1_score -----> [0.7142413020964589, 0.7199271614540388, 0.6942483338496808, 0.6344464138657234, 0.7037920910658133, 0.7129108032556775, 0.7137600616427431, 0.7068227018544373, 0.7186932799342103, 0.7081936575970629, 0.7349724203888874, 0.6846680519664816, 0.7283335589255007, 0.7368147895041317, 0.7317417623400178, 0.7265765286927323, 0.7245375131712011, 0.7191355387859759, 0.7351374361705567, 0.7188137382142961, 0.7209756385603663, 0.7418990240119725, 0.7334465144997275, 0.7071194521732909, 0.7218454160717234, 0.7310035792194067, 0.7276930139434739, 0.7311870417196543, 0.7333973316303875, 0.729851580804312, 0.725121377094047, 0.7096805943759398, 0.720070009377634, 0.7253888361071228, 0.7119213879642966, 0.7223345285637435, 0.7244611496043383, 0.7331388235072952, 0.7263011102567165, 0.7404202956181571]
train_loss -----> [0.6247844294801436, 0.5853863875104937, 0.5810188025691511, 0.5608097802853949, 0.5693600348027728, 0.5617798663966727, 0.5612031664123762, 0.5542872441088202, 0.5537752809923244, 0.5589143967537408, 0.559016151571921, 0.550950501107805, 0.5474751420913614, 0.5494964758285226, 0.5533270354434874, 0.553535983851891, 0.5432559517678667, 0.5486704502223095, 0.5522286637175472, 0.5457448088809062, 0.5479618208973032, 0.5404077672948252, 0.5465678982246922, 0.5482727120201942, 0.5441366434097292, 0.5515359252539475, 0.5426396304814239, 0.5381722230407298, 0.5474977175529625, 0.5459541344480723, 0.5437339037302603, 0.5436970139956432, 0.5471637566243454, 0.5368300108634357, 0.5423178664947816, 0.5317279171255529, 0.5352792836004688, 0.5432945188318324, 0.5389262410750418, 0.5368552751371132]
val_loss -----> [0.5707130025367482, 0.5634504858706451, 0.5667496653827462, 0.6150880089482746, 0.5533102730641493, 0.5450476387868055, 0.5399926804207467, 0.5331832601411922, 0.5356291059303929, 0.5389182440735196, 0.5318361941624332, 0.5641587195364205, 0.532087816982656, 0.5246983770583127, 0.525817684627868, 0.5271014766515912, 0.5296264272686596, 0.526558834555987, 0.5255895929562077, 0.5318160083245587, 0.5240685345756041, 0.5262924946240479, 0.520848901287929, 0.5469650046245469, 0.5241808601327843, 0.5181352314916816, 0.5229872781279924, 0.5298673593111939, 0.5293419345005136, 0.5266254234152873, 0.5317430002866562, 0.5266696873146134, 0.5296298791025137, 0.5325190485329241, 0.5523970791616957, 0.5269806117222114, 0.5187668750012243, 0.5151374559547452, 0.5385408959275969, 0.5287698640211208]
test_loss -----> [0.5460032850906656]
val_auc_roc -----> [0.7961028479188287, 0.791790614550905, 0.7825896460279027, 0.7930935085898767, 0.798650985818056, 0.7998155194281102, 0.8061800991583075, 0.808935777700911, 0.8072178023751874, 0.8063184595872248, 0.8093969791306354, 0.8140320534993659, 0.808105615127407, 0.8140666436065951, 0.8131211806756602, 0.8127637495676237, 0.8094892194165801, 0.8151389369307045, 0.813328721319036, 0.81415888389254, 0.8161189899688688, 0.813098120604174, 0.8176409546869594, 0.8147815058226681, 0.8201660325147007, 0.8210307851954342, 0.8171912832929782, 0.8198662515853798, 0.8124524386025598, 0.8143087743572006, 0.8159806295399515, 0.8187017179753256, 0.8160843998616396, 0.8138245128559899, 0.8177447250086476, 0.8169952726853453, 0.8201199123717283, 0.8239017640954687, 0.8171682232214921, 0.8176640147584457]
val_auc_pr -----> [0.8004512215778787, 0.7999377686281316, 0.7951337439571498, 0.801454302462799, 0.804376497736403, 0.8106492828839096, 0.8148884803808811, 0.8215268841127837, 0.8177211928875958, 0.8145269220593898, 0.8183074409059, 0.8230305715856755, 0.8185512154521979, 0.8200272777283363, 0.8136476568350192, 0.8178554979713589, 0.8145344519591959, 0.8216853638278903, 0.822245554711561, 0.8211845528168646, 0.8234323062492064, 0.8178662641387351, 0.8253494880184085, 0.8223937544753162, 0.8318526809917486, 0.8281481173734315, 0.8241570408454423, 0.8245127356231939, 0.8176048634990686, 0.8245383592784188, 0.8202216941726974, 0.828349651762857, 0.8235217254610554, 0.822287411833069, 0.8231257780453852, 0.826465263936079, 0.8276409769462876, 0.8356944366626988, 0.8256856317327868, 0.8236685944251557]
test_auc_roc -----> [0.8042372881355933]
test_auc_pr -----> [0.7952569629648755]
cm -----> [[192  60]
 [102 235]]
--------
