--------
epochs_index -----> 29
train_acc -----> [0.6875, 0.7497735619544983, 0.765625, 0.773777186870575, 0.7803441882133484, 0.7891757488250732, 0.7959691882133484, 0.7946105003356934, 0.7964221239089966, 0.80298912525177, 0.8032155632972717, 0.8045742511749268, 0.8068387508392334, 0.8109148740768433, 0.8181612491607666, 0.8115941882133484, 0.8163496255874634, 0.8181612491607666, 0.81861412525177, 0.8179348111152649, 0.8217844367027283, 0.820652186870575, 0.8215579986572266, 0.8235960006713867, 0.8242753744125366, 0.8288043737411499, 0.8254076242446899, 0.828125, 0.8278985619544983, 0.8297101259231567]
test_acc -----> [0.7724957466125488]
val_acc -----> [0.7319004535675049, 0.7635746598243713, 0.7680995464324951, 0.7861990928649902, 0.7873303294181824, 0.7963801026344299, 0.7952488660812378, 0.7963801026344299, 0.8020362257957458, 0.8042986392974854, 0.8065611124038696, 0.8054298758506775, 0.8054298758506775, 0.8009049892425537, 0.807692289352417, 0.8042986392974854, 0.7952488660812378, 0.8031674027442932, 0.8042986392974854, 0.8009049892425537, 0.8031674027442932, 0.8042986392974854, 0.8042986392974854, 0.8020362257957458, 0.8031674027442932, 0.8042986392974854, 0.8009049892425537, 0.8020362257957458, 0.8009049892425537, 0.8054298758506775]
train_f1_score -----> [0.6873868832720123, 0.7497678869324559, 0.7656006548452258, 0.773753675372256, 0.7803311761823427, 0.7891518356161304, 0.7959103290653435, 0.7946016442605148, 0.7964027923004129, 0.8029396103762323, 0.8031913433233626, 0.8045461165023112, 0.8067994414992951, 0.8108686754315183, 0.8181423426858307, 0.8115660212949651, 0.8162878239467042, 0.8181193592937346, 0.8185795085564713, 0.8178988822843458, 0.8217457956354922, 0.8205961979572534, 0.8214964176505816, 0.8235503974772493, 0.8241887727256034, 0.8287823930370295, 0.8253674045521311, 0.8280671493407357, 0.8278552911903271, 0.829639378578728]
test_f1_score -----> [0.7721483124938671]
val_f1_score -----> [0.7318973597440007, 0.7630649816884156, 0.7679424531158983, 0.7861856831066404, 0.7866477645770806, 0.7962037911901075, 0.7952045740942215, 0.7963634079684468, 0.8018777380570195, 0.8042963836045057, 0.806531124395645, 0.8051745649700968, 0.8049466288201781, 0.8008958000549262, 0.8075731218062712, 0.8039169880743307, 0.7951898940017905, 0.8030454306727608, 0.8041159023394904, 0.8009049723574456, 0.803158347724502, 0.8041660694069975, 0.8041881347770741, 0.8019020933888038, 0.8031674157963085, 0.8042783504454466, 0.8006754109731762, 0.8014260817306167, 0.800822391198676, 0.8051745649700968]
train_loss -----> [0.5872168451331659, 0.5165438409894704, 0.4919306180453388, 0.4772935670975975, 0.4661622764677674, 0.4579345192760233, 0.4505427507548658, 0.44407973858271377, 0.43901641639894357, 0.4345370389224179, 0.4300048353312457, 0.4265447958116085, 0.42279921655637603, 0.41915866140060254, 0.4162852735920011, 0.41351531972379835, 0.4106192612696601, 0.4077566162399625, 0.40591508829021367, 0.40367624780460154, 0.40104326096943743, 0.3985135691591362, 0.3969666483150662, 0.39500294500233035, 0.39354726334736845, 0.39122098179507103, 0.3899349539365243, 0.38826583579614554, 0.38774423446992146, 0.3856344767103806]
val_loss -----> [0.5398274531235563, 0.507377653374328, 0.49078587892356224, 0.4767032025365142, 0.4718905912863242, 0.46301503385509446, 0.45921315588392647, 0.4562568813562393, 0.45126938215784135, 0.4481823730307657, 0.44602058331171673, 0.44433583466856336, 0.4438898609028206, 0.43742279882903584, 0.4386554130831281, 0.4370621566299919, 0.4355025390783949, 0.4335889942474193, 0.43125881066730426, 0.43021611077291444, 0.43019295342870656, 0.4291579189064266, 0.4281979427412823, 0.4279619146574726, 0.42653917702468663, 0.4253061832608404, 0.42487074159555616, 0.4275021220112705, 0.42384233587496983, 0.42428818613559277]
test_loss -----> [0.506983244338551]
val_auc_roc -----> [0.8032006920415224, 0.8319419135562335, 0.8446745562130178, 0.8548965008906451, 0.8603120329231589, 0.8644197498003726, 0.8660653958764153, 0.8691698572920292, 0.8719236911611146, 0.8732238283409431, 0.8743678466861857, 0.8756858991421143, 0.8764818492659855, 0.8785165127659138, 0.8780609528879425, 0.879883192399828, 0.8801749554677423, 0.8805818881677279, 0.8816644827091992, 0.8820739747343421, 0.8817284658381277, 0.8823913310538277, 0.8828161790299135, 0.8827598738764562, 0.8837554513625847, 0.8839320447984276, 0.8849225036342417, 0.885106775045556, 0.8847151982965131, 0.8849736901373846]
val_auc_pr -----> [0.7710539217909063, 0.8009079655694686, 0.8122355913936207, 0.8233675936040672, 0.8306712571897646, 0.8353966838285106, 0.8368952555338223, 0.8399166246333176, 0.8419466967470305, 0.8429714016026031, 0.8432387850030748, 0.8450380109230167, 0.8447019922863648, 0.8468702546363427, 0.8464379134411619, 0.8487478401567985, 0.8491940769280131, 0.84873341756883, 0.84986349714469, 0.8507530820089296, 0.8511578648582965, 0.851824532627609, 0.8523522116247181, 0.851925344509967, 0.8532290558290349, 0.8533390153883422, 0.8551876329358852, 0.85483567406923, 0.8543075166873857, 0.854986724754496]
test_auc_roc -----> [0.8338521849417734]
test_auc_pr -----> [0.8140343030572991]
cm -----> [[216  56]
 [ 78 239]]
--------
