--------
epochs_index -----> 39
train_acc -----> [0.5957130789756775, 0.6640492081642151, 0.6763582229614258, 0.6939728260040283, 0.689091682434082, 0.6960950493812561, 0.6950339674949646, 0.6971561908721924, 0.708616316318512, 0.696943998336792, 0.6999151110649109, 0.7024617791175842, 0.7037351727485657, 0.7073429822921753, 0.706281840801239, 0.7052206993103027, 0.7071307301521301, 0.7039473652839661, 0.7077674269676208, 0.7149830460548401, 0.7060695886611938, 0.7188030481338501, 0.7105262875556946, 0.7077674269676208, 0.7158319354057312, 0.7137096524238586, 0.7122241258621216, 0.7075551748275757, 0.7145586013793945, 0.708616316318512, 0.7188030481338501, 0.7168930172920227, 0.7064940333366394, 0.706918478012085, 0.7139219045639038, 0.717954158782959, 0.7141340970993042, 0.710101842880249, 0.7213497161865234, 0.7060695886611938]
test_acc -----> [0.6757215857505798]
val_acc -----> [0.5959252715110779, 0.6723259687423706, 0.6723259687423706, 0.6842105388641357, 0.6842105388641357, 0.6842105388641357, 0.6943972706794739, 0.6960950493812561, 0.6943972706794739, 0.7113752365112305, 0.6994906663894653, 0.7011884450912476, 0.7011884450912476, 0.706281840801239, 0.7130730152130127, 0.7045840620994568, 0.7096773982048035, 0.6943972706794739, 0.7130730152130127, 0.7181664109230042, 0.7113752365112305, 0.7113752365112305, 0.7011884450912476, 0.7096773982048035, 0.7028862237930298, 0.7249575257301331, 0.7181664109230042, 0.7198641896247864, 0.7045840620994568, 0.7164685726165771, 0.7164685726165771, 0.7215619683265686, 0.7334465384483337, 0.7198641896247864, 0.7147707939147949, 0.6994906663894653, 0.7300509214401245, 0.7300509214401245, 0.7215619683265686, 0.6926994919776917]
train_f1_score -----> [0.5957089710017676, 0.6640488527172014, 0.6763003647223014, 0.6939052778239787, 0.6890042583793992, 0.696042447169396, 0.6949566697210623, 0.6971149259125605, 0.7084927610230932, 0.6968128226312809, 0.6998104044566757, 0.702388393530914, 0.7036734261405918, 0.7073138294268511, 0.7062373202084171, 0.7051335746452234, 0.7070732556936603, 0.7038874952767593, 0.7076810167216987, 0.7148621834697382, 0.7060514800833921, 0.7186412405060049, 0.7104824455666268, 0.707727577246964, 0.7157520145663192, 0.7136482697239526, 0.7121942380463451, 0.7074942558249842, 0.7144862354311446, 0.7085301640805237, 0.718715775798288, 0.716850133603941, 0.7064569151920383, 0.7068318693628737, 0.7138434845729925, 0.7178345806115058, 0.7140951680476062, 0.7099659565341541, 0.7212933913176485, 0.7059739262779021]
test_f1_score -----> [0.6606825571712156]
val_f1_score -----> [0.5641649002921592, 0.6706513217892883, 0.671781022574321, 0.6833333283249772, 0.6805558745778423, 0.6841659120883241, 0.6929092755003272, 0.6957442644498122, 0.6917091163850675, 0.7110745563851318, 0.6994352089128415, 0.695992862936316, 0.7010841933635035, 0.7025469569336005, 0.7098581318379853, 0.7036537922123411, 0.7064245003209815, 0.6872566322695601, 0.7106408287292735, 0.7178728019978368, 0.7105734716932228, 0.7055277101223041, 0.6938814030920799, 0.7070290975153621, 0.6981212151697473, 0.7248933175463088, 0.7181005600791195, 0.715121131239079, 0.6976814110302515, 0.7126384347645858, 0.713495528365641, 0.719289063693831, 0.7329261022218561, 0.7163020107185344, 0.7081061897909431, 0.6929445499853708, 0.7274076741018903, 0.7280914876924897, 0.7208853394175849, 0.6779622058189739]
train_loss -----> [0.6625304121922561, 0.6140343403168569, 0.5931890906927341, 0.5845034587970206, 0.5854336832648426, 0.5867293766479957, 0.578460278859163, 0.5737767137068429, 0.5720117579645941, 0.5758513778903483, 0.5760781730071397, 0.5672647760507412, 0.5609486343652167, 0.560340197159196, 0.5685409197934822, 0.566998520053303, 0.5614184212502475, 0.5661894123754587, 0.5610602445179418, 0.5565279845926272, 0.5646500054411652, 0.5538658717795825, 0.5564399718833499, 0.5613940123892399, 0.5531131742816228, 0.5530152183740779, 0.5579352424383577, 0.5643865947559452, 0.5567543836775378, 0.5646913999814933, 0.5482553549756017, 0.5502235962802163, 0.5630667860317715, 0.5609508424946741, 0.5560894980647167, 0.5536539089851753, 0.5570632118624216, 0.5593715892987665, 0.5564879824380521, 0.558390744068424]
val_loss -----> [0.6642810460683463, 0.608957467046944, 0.5896222200748084, 0.5829032498437006, 0.5828701700713185, 0.579037920043275, 0.5782667877706319, 0.5685117240693118, 0.5665933566318974, 0.5593266950265783, 0.5629678352459057, 0.5666014439350849, 0.5609069490754927, 0.5666805844049194, 0.5583653220453779, 0.5528489447928764, 0.5567588254406647, 0.5682809920729818, 0.558855623812289, 0.5522223159268094, 0.549089127899827, 0.5666885887448851, 0.5748144291542671, 0.5559406280517578, 0.5631201412226701, 0.5422328865608652, 0.5501040385381596, 0.5518412195347451, 0.561887955746135, 0.5521311246462771, 0.5472057135523977, 0.5513829492233895, 0.5416610744353887, 0.5439696493181023, 0.5568449263637129, 0.5640907758796536, 0.5524826641823791, 0.5435691787987144, 0.5386369300855173, 0.5841809909891434]
test_loss -----> [0.6100972723719235]
val_auc_roc -----> [0.6933125792689958, 0.7310849763634266, 0.750063415196587, 0.7592989738268189, 0.7645682001614205, 0.7628963449786694, 0.7701256773895999, 0.7750605326876513, 0.7819900841692609, 0.7823821053845267, 0.7789115646258503, 0.7873746108612936, 0.7818286636688573, 0.7834889888158654, 0.7908220915484838, 0.7918713248011069, 0.7935085898766285, 0.7938083708059495, 0.7905338406549061, 0.7912948230139516, 0.7950190245589761, 0.7927937276605558, 0.7910526922633461, 0.7935777700910873, 0.7924593566240057, 0.7989853568546064, 0.7926323071601522, 0.8017871555401822, 0.8004842615012105, 0.8002421307506054, 0.801879395826127, 0.7947307736653985, 0.8004381413582382, 0.8072178023751875, 0.80759829355471, 0.7990084169260924, 0.7954686959529575, 0.8027556785426034, 0.8039317421884008, 0.803228410008071]
val_auc_pr -----> [0.682059065677429, 0.7230545191470394, 0.7493183034951781, 0.754222898286514, 0.7599141732056841, 0.7591615810887063, 0.765017187359687, 0.7704729951180191, 0.7774427911824212, 0.7787036640355401, 0.7736723852977538, 0.7839735057821344, 0.7789455263341565, 0.7797339765408484, 0.7868953915305275, 0.7885976357520522, 0.7880743445597169, 0.7924435116576336, 0.7872779577225584, 0.7874312431083654, 0.790142341426753, 0.790228025424141, 0.789854381863451, 0.7922421923860076, 0.7897420886328009, 0.7952794575890016, 0.7901259274336602, 0.8021312417244177, 0.7995028055894577, 0.796325902403684, 0.7994055083880263, 0.7960056454021367, 0.7987203802936348, 0.8046868414217971, 0.8074293007344588, 0.7976428451596772, 0.7939636061272648, 0.8016609537255, 0.800378776265168, 0.8011275055866567]
test_auc_roc -----> [0.7743802605788078]
test_auc_pr -----> [0.7584253287430396]
cm -----> [[137  34]
 [157 261]]
--------
