--------
epochs_index -----> 39
train_acc -----> [0.6012309193611145, 0.6634125709533691, 0.6808149218559265, 0.6939728260040283, 0.6918506026268005, 0.6869694590568542, 0.7105262875556946, 0.7016128897666931, 0.6973684430122375, 0.703098475933075, 0.7039473652839661, 0.708616316318512, 0.6990662217140198, 0.7060695886611938, 0.7022495865821838, 0.7094652056694031, 0.7137096524238586, 0.6975806355476379, 0.7098896503448486, 0.7160441279411316, 0.7064940333366394, 0.710101842880249, 0.7094652056694031, 0.7084040641784668, 0.7149830460548401, 0.710101842880249, 0.7132852077484131, 0.7103140950202942, 0.7045840620994568, 0.7145586013793945, 0.7181664109230042, 0.7075551748275757, 0.7160441279411316, 0.7137096524238586, 0.7147707939147949, 0.7064940333366394, 0.7173174619674683, 0.7084040641784668, 0.7141340970993042, 0.7130730152130127]
test_acc -----> [0.7300509214401245]
val_acc -----> [0.6264855861663818, 0.6332767605781555, 0.6553480625152588, 0.6825127601623535, 0.6825127601623535, 0.6808149218559265, 0.6994906663894653, 0.6960950493812561, 0.6926994919776917, 0.706281840801239, 0.6994906663894653, 0.7113752365112305, 0.6808149218559265, 0.6977928876876831, 0.7079796195030212, 0.7028862237930298, 0.6926994919776917, 0.7045840620994568, 0.7079796195030212, 0.7181664109230042, 0.7096773982048035, 0.706281840801239, 0.7079796195030212, 0.7113752365112305, 0.7164685726165771, 0.6960950493812561, 0.7079796195030212, 0.7028862237930298, 0.6943972706794739, 0.6994906663894653, 0.6977928876876831, 0.6994906663894653, 0.7079796195030212, 0.6994906663894653, 0.6994906663894653, 0.7028862237930298, 0.6977928876876831, 0.6910017132759094, 0.7011884450912476, 0.6977928876876831]
train_f1_score -----> [0.6012257042651662, 0.6633950332709386, 0.6807871016009944, 0.6939264566696098, 0.6917864004558156, 0.6869643450459865, 0.7105112385061008, 0.7016075224948619, 0.6973193392091035, 0.7030419588157897, 0.7038801317840417, 0.7086052563996714, 0.699010682399392, 0.7060065631933197, 0.7021963351442492, 0.7094472752015168, 0.7136482697239526, 0.6975423748075245, 0.7098344228313647, 0.7159884173246236, 0.7064311024450215, 0.7099260644974339, 0.709370617324481, 0.7083762771793778, 0.714938324812304, 0.7100449762373148, 0.7132306548391522, 0.7102852625798399, 0.7045328814662459, 0.7144862354311446, 0.7180393862579778, 0.7075195533447229, 0.715953868977371, 0.7136761305419489, 0.71473050077502, 0.7064415761970275, 0.7172143173882516, 0.708324145351162, 0.7140892952659623, 0.7130432225801207]
test_f1_score -----> [0.7294394943763696]
val_f1_score -----> [0.6248407593333214, 0.6135734024829653, 0.6474790399643665, 0.6768455253397594, 0.6771372827302482, 0.6761085711634938, 0.69674941690138, 0.6956704920716787, 0.6925718783499584, 0.706227633456443, 0.6979548387410677, 0.7112345372451905, 0.6782094152055788, 0.6977222876775513, 0.7072699903658073, 0.7023061654714029, 0.6916720844172215, 0.7045627457722214, 0.7071684537721921, 0.7179314035057591, 0.7078957621810518, 0.7051804651587047, 0.7079114238783353, 0.710231740146676, 0.7144105565069996, 0.696095071377057, 0.7074525789023975, 0.7028314211846423, 0.6942483338496808, 0.6979548387410677, 0.6976874228900889, 0.69943520891238, 0.7065577519244567, 0.6978042473621273, 0.6994767969826907, 0.701062914629772, 0.6974780651564254, 0.6905297993670134, 0.7006491506216213, 0.69705847857529]
train_loss -----> [0.6601822413187887, 0.61378295236411, 0.5974987684567233, 0.5891553887588267, 0.5822609936745748, 0.5831341229391824, 0.5677812965191482, 0.5694542179083377, 0.575949750195537, 0.5676526734399876, 0.5697009842747947, 0.5613412849971922, 0.5704529664411199, 0.5709069057767778, 0.5676631748119719, 0.569047015799124, 0.5633734609609152, 0.5698030400002958, 0.5633399433919645, 0.559720486377212, 0.568347219599123, 0.5662089580186154, 0.5580091628740924, 0.5637700544806215, 0.5559939783578823, 0.5566900403623062, 0.5548830380970029, 0.567935598675788, 0.5627439281632821, 0.5570402730300592, 0.5538111917535397, 0.5692681275776165, 0.5582524871735095, 0.5552140265096027, 0.5544267645412467, 0.5652792476282055, 0.5488109522339439, 0.5590944311918344, 0.5608666329209802, 0.5636636494881838]
val_loss -----> [0.6461213879488609, 0.6552256514897217, 0.6218350948514163, 0.6142650888981044, 0.6116625704878085, 0.6034940219408756, 0.5953016422084862, 0.586145081632846, 0.5804019272327422, 0.5842734365849882, 0.587103130446898, 0.580135263502598, 0.5858140519341907, 0.5750796837178439, 0.5731724267070358, 0.571407666480219, 0.5780760017601217, 0.5656984494747341, 0.5678684504048243, 0.5639664154197718, 0.5715166694811874, 0.5733024234304555, 0.5639326358969147, 0.5733949380951958, 0.5738762532537048, 0.5676248546790436, 0.5655613809421256, 0.5577509326709283, 0.5599694282219215, 0.5704312525890968, 0.5629111395494357, 0.5611810521096797, 0.5672994995036639, 0.573147494446587, 0.5602742640956028, 0.5694071821667053, 0.5576270838847032, 0.5558818240423459, 0.5633044313337353, 0.5586453921891551]
test_loss -----> [0.5273180656336449]
val_auc_roc -----> [0.6766170875129712, 0.714055113570852, 0.7328490718321227, 0.7408163265306122, 0.7417733194972904, 0.7535800760982359, 0.7589069526115533, 0.7623659633344864, 0.7637726276951459, 0.7628848149429264, 0.7654444828778969, 0.7646258503401361, 0.768880433529344, 0.7718321226795803, 0.7773895999077597, 0.7759483454398709, 0.7718897728582959, 0.7802259887005649, 0.7817940735616281, 0.7836504093162688, 0.7840078404243054, 0.7799031476997578, 0.7822322149198663, 0.7801683385218494, 0.7854029747492217, 0.7797763173065836, 0.7843422114608556, 0.7879857027556785, 0.7873284907183213, 0.7842845612821401, 0.7866943387524501, 0.7851031938199008, 0.7873400207540644, 0.7826818863138476, 0.7868211691456243, 0.7873169606825781, 0.7890579960797879, 0.7913294131211805, 0.7848725931050387, 0.7896229678312002]
val_auc_pr -----> [0.6566666024487362, 0.68236658840045, 0.7033712769277691, 0.7097008953129773, 0.7181378149733926, 0.7220042520072412, 0.7246119075496469, 0.7278536357099266, 0.7414007783666157, 0.7322879508199543, 0.7377610848391116, 0.7340909793294623, 0.7393944376804962, 0.7416807023584506, 0.7515546916951855, 0.74834001409924, 0.7480750871015905, 0.7473600763615205, 0.7503680843089836, 0.7573981967004553, 0.7551410967750118, 0.7522294343233817, 0.7560675174530566, 0.750025689042852, 0.7586366552420094, 0.7469342343887218, 0.7567852695153761, 0.7620249112628612, 0.7540853126241925, 0.7552595441334011, 0.756292650249131, 0.7556955051985574, 0.7601193360244834, 0.751030083280119, 0.7556671299328444, 0.7634788735094917, 0.7641938041798692, 0.7655277277740695, 0.7601996514843831, 0.7642544550363465]
test_auc_roc -----> [0.8168107921134555]
test_auc_pr -----> [0.8199978666034833]
cm -----> [[201  65]
 [ 94 229]]
--------
