--------
epochs_index -----> 29
train_acc -----> [0.6571558117866516, 0.7366394996643066, 0.75339674949646, 0.7644927501678467, 0.773777186870575, 0.7744565010070801, 0.7853260636329651, 0.7866848111152649, 0.792119562625885, 0.7946105003356934, 0.7941576242446899, 0.8007246255874634, 0.7980072498321533, 0.8023098111152649, 0.80638587474823, 0.8097826242446899, 0.8068387508392334, 0.8145380616188049, 0.8143116235733032, 0.8136322498321533, 0.8183876872062683, 0.8145380616188049, 0.8161231875419617, 0.8170289993286133, 0.8213315010070801, 0.8168025612831116, 0.8213315010070801, 0.8240489363670349, 0.8238224387168884, 0.8217844367027283]
test_acc -----> [0.7691001892089844]
val_acc -----> [0.7081447839736938, 0.7296379804611206, 0.7511312365531921, 0.7647058963775635, 0.7692307829856873, 0.7680995464324951, 0.7680995464324951, 0.7839366793632507, 0.7884615659713745, 0.7884615659713745, 0.7839366793632507, 0.7952488660812378, 0.7918552160263062, 0.7952488660812378, 0.7873303294181824, 0.7918552160263062, 0.790723979473114, 0.7963801026344299, 0.7929864525794983, 0.7929864525794983, 0.7895927429199219, 0.7918552160263062, 0.8042986392974854, 0.8020362257957458, 0.8009049892425537, 0.8042986392974854, 0.8020362257957458, 0.8009049892425537, 0.8054298758506775, 0.8042986392974854]
train_f1_score -----> [0.657135467486923, 0.7365956029036149, 0.7533794210359313, 0.764462553147691, 0.7737083683777625, 0.7743824719189892, 0.785262479045346, 0.7865663995175781, 0.7920129059465457, 0.794507224010184, 0.7940455599879649, 0.80058224589261, 0.7979036078151094, 0.8021802481949255, 0.8062451664344288, 0.8096729422097171, 0.8066737904418813, 0.8144207873187301, 0.8142045387045774, 0.8135144175620517, 0.818270779346724, 0.8144207873187301, 0.8160398303790464, 0.8168937709254319, 0.8212743184526872, 0.8166824976742522, 0.8212621427094945, 0.8239604326412033, 0.8237524696931668, 0.8217119977110607]
test_f1_score -----> [0.7684587763489424]
val_f1_score -----> [0.7072081043156654, 0.7295379811009869, 0.7506704974973758, 0.7645021594891943, 0.7687573040345521, 0.7670619185888268, 0.7670619185888268, 0.7837038694968549, 0.7880055094041774, 0.7880902977392357, 0.7832707525180733, 0.795173114176039, 0.7918285596830652, 0.7951101653342225, 0.7869770253432553, 0.7915820931086669, 0.7906915677397677, 0.7960784263619477, 0.7927633930774158, 0.7928907445090738, 0.7895054818929508, 0.7917262028389848, 0.8037901957951642, 0.802029860702724, 0.8005742361714945, 0.8042923765230074, 0.8018229166579769, 0.8007581140307467, 0.8047011022012678, 0.8039551948593249]
train_loss -----> [0.6137205555603122, 0.53864824420948, 0.5140384098757863, 0.4986791044905565, 0.48647410913869954, 0.47748966922686603, 0.4696940170951942, 0.4636371758078103, 0.45707497765998456, 0.45137104317815857, 0.44718783501319714, 0.44397552852667344, 0.4402788204505394, 0.4360860861378949, 0.4329475007978252, 0.42956606324330165, 0.4269660387080213, 0.4245180935882353, 0.42152871562680927, 0.41994446404008356, 0.4178951023605418, 0.4150200103935989, 0.41268393753663346, 0.4108756107507628, 0.40921256873432754, 0.40688877204514046, 0.4057447529951303, 0.40337340205745914, 0.40085829177574406, 0.40143629376763007]
val_loss -----> [0.5555500600252067, 0.5188359375204051, 0.49936541243716387, 0.4873069120688482, 0.4779208314579887, 0.4734936645170591, 0.46866473313924417, 0.4608258941957543, 0.4581361359304137, 0.45344464360056685, 0.4520798322853741, 0.4498222436722335, 0.44777144263456536, 0.44530800790400116, 0.4449566777225012, 0.44315465036276236, 0.4411675744765512, 0.44006236649311337, 0.43770730777366745, 0.4373528946627367, 0.43724850357115813, 0.43573014451576786, 0.43611606579643114, 0.43543598579393855, 0.43507592380046833, 0.4342774014483701, 0.432622445596231, 0.4320346981555491, 0.43383617645448397, 0.43028648815176507]
test_loss -----> [0.5158961151500008]
val_auc_roc -----> [0.7900559980344383, 0.8212388157490633, 0.8396813128314327, 0.8493504432751171, 0.8541619745705452, 0.8586970987490017, 0.8612922544583445, 0.8644658176532012, 0.8669739563072009, 0.8698506377838291, 0.870889723797629, 0.8712224360680576, 0.8728911160705145, 0.8741861346000288, 0.8746468131283143, 0.8761516963207142, 0.8757319669949428, 0.877170307733257, 0.8779381052803996, 0.8770935279785427, 0.8773392231936282, 0.8784550889621425, 0.8795095309268852, 0.8786700722753424, 0.8789720726438852, 0.8792996662639995, 0.8796938023381995, 0.8802978030752852, 0.8803541082287422, 0.8808813292111136]
val_auc_pr -----> [0.7725948277861778, 0.802983400692496, 0.8204738756952099, 0.8293212429397593, 0.8331569153549963, 0.8370134568934404, 0.8384749485058587, 0.8407589394733361, 0.8427871907364083, 0.8456579330914304, 0.8466475517400415, 0.8448090236839445, 0.8469567231031068, 0.8477320389533154, 0.8471667957693872, 0.8492066154622719, 0.8478578768573048, 0.8493596411638604, 0.8504185232909411, 0.848494348091911, 0.8483710286254209, 0.8492016113512749, 0.8506611499156183, 0.849736419184107, 0.8496983238643688, 0.8498855127289553, 0.8493142487009309, 0.8494533969795284, 0.8506754281108866, 0.8505321991874621]
test_auc_roc -----> [0.8272915946039433]
test_auc_pr -----> [0.778256664808345]
cm -----> [[211  53]
 [ 83 242]]
--------
