--------
epochs_index -----> 29
train_acc -----> [0.6240941882133484, 0.679347813129425, 0.6807065010070801, 0.6881793737411499, 0.6845561861991882, 0.7010869383811951, 0.6988224387168884, 0.6979166865348816, 0.7074275612831116, 0.7076539993286133, 0.7053894996643066, 0.70652174949646, 0.7099184989929199, 0.7160326242446899, 0.7076539993286133, 0.7133151888847351, 0.7069746255874634, 0.7194293737411499, 0.7033514380455017, 0.7128623127937317, 0.7022191882133484, 0.7142210006713867, 0.7101449370384216, 0.7121829986572266, 0.7216938138008118, 0.711277186870575, 0.7155796885490417, 0.7115036249160767, 0.7160326242446899, 0.7223731875419617]
test_acc -----> [0.7130730152130127]
val_acc -----> [0.6787330508232117, 0.6877828240394592, 0.679864227771759, 0.6900452375411987, 0.7002262473106384, 0.6990950107574463, 0.6957013607025146, 0.6990950107574463, 0.7024886608123779, 0.7047511339187622, 0.7194570302963257, 0.7058823704719543, 0.7307692170143127, 0.7228506803512573, 0.7194570302963257, 0.7183257937431335, 0.7239819169044495, 0.7183257937431335, 0.7149321436882019, 0.7104072570800781, 0.726244330406189, 0.7104072570800781, 0.7228506803512573, 0.7307692170143127, 0.7285068035125732, 0.7285068035125732, 0.7386877536773682, 0.7386877536773682, 0.7296379804611206, 0.7296379804611206]
train_f1_score -----> [0.6240914221058391, 0.6793309827617189, 0.6806475625574238, 0.6881722911015264, 0.684269762131671, 0.7010317603726772, 0.6985998984421518, 0.6977797245528425, 0.7071658868637369, 0.7075740700762552, 0.7052697733079716, 0.706477843653938, 0.7097726084098797, 0.7158869125680802, 0.7075242632949668, 0.7132982170392302, 0.7068967165195592, 0.7192939058728768, 0.7032851663346886, 0.7127632740890555, 0.7021238674229608, 0.7140624180380536, 0.7100135286037417, 0.7120497039288588, 0.721580746376201, 0.711235574278092, 0.7155488402165804, 0.7114695290475478, 0.715849824889506, 0.722262892140145]
test_f1_score -----> [0.7128047797876758]
val_f1_score -----> [0.6776175163696445, 0.6874228064220672, 0.6784318212226825, 0.6884120563468066, 0.6997555801969236, 0.6941860657760837, 0.695045360645429, 0.6948717899280954, 0.7008714219103933, 0.7026104862231513, 0.7190413893266588, 0.7025186976388516, 0.7303219802255914, 0.7211517984896285, 0.7167764723080401, 0.7169781430917417, 0.7229480773103834, 0.7139771902684184, 0.7143472591044162, 0.7091552105843394, 0.7252189946684633, 0.7086834684033823, 0.7193305248839434, 0.7301601095015744, 0.7271646992568498, 0.7259127149763565, 0.7385670066807187, 0.7380088758337642, 0.7285092476840809, 0.7280759622030595]
train_loss -----> [0.6517969504322698, 0.6126897365826637, 0.6036615109853982, 0.5896008485469264, 0.5915053230372888, 0.5775395284096401, 0.5842283774653204, 0.5779553821337396, 0.5689647192864318, 0.5747400334887747, 0.5669103990430414, 0.5719636848763281, 0.567259910475949, 0.5585435817045139, 0.5685955052790432, 0.5632918784799777, 0.5644965732497145, 0.5562252567784082, 0.5638752434726644, 0.5588558731951582, 0.56982225989518, 0.5521068420477103, 0.5641553758009191, 0.561999343389618, 0.5475283293458428, 0.5543057337079363, 0.5521467686023397, 0.5610224808417796, 0.5531603335470391, 0.5475632373675491]
val_loss -----> [0.6227934032947092, 0.6000933577348521, 0.5928383158133906, 0.5830375047417374, 0.5777009959156449, 0.5787328709890177, 0.5718426317782015, 0.5689954040823755, 0.5641370998309538, 0.5624441311166094, 0.5622651888443544, 0.5661214858562023, 0.5496879759672526, 0.5542435109078349, 0.558987566211202, 0.5535268831897423, 0.5505759399216454, 0.5564696002113926, 0.5586275391213523, 0.5516852102838117, 0.5498421431124747, 0.5532821132256103, 0.5560861898435129, 0.5386862008421274, 0.546495379628362, 0.5427163017762673, 0.5388125382565164, 0.5365928395374402, 0.5428588323227993, 0.5414311705945848]
test_loss -----> [0.5749431179987418]
val_auc_roc -----> [0.7421940582707152, 0.7553387522777993, 0.7602424192788846, 0.7695993120533977, 0.7750148440859115, 0.7812391228680821, 0.7789254929260252, 0.788256792448967, 0.7857691283962245, 0.7881800126942528, 0.7855029585798816, 0.7870078417722814, 0.8002907393378514, 0.7964875821543376, 0.792976188038738, 0.7975880919719088, 0.7988063307467087, 0.7990315513605372, 0.7969380233819947, 0.7954996826436805, 0.8018672836346512, 0.7972144304989661, 0.7982688724637087, 0.8103693618066788, 0.8039710489138223, 0.8104359042607644, 0.8082502405765648, 0.8137476710141069, 0.8060594582420508, 0.8091613603325075]
val_auc_pr -----> [0.7341855499660463, 0.7389659531863221, 0.757233464960762, 0.7648585191376007, 0.7735857975047478, 0.7672371050843421, 0.7761171060336245, 0.7830359343470183, 0.7748887561470839, 0.7781593651754763, 0.7807509838187132, 0.7740084973625456, 0.7894415980334282, 0.7866425055448188, 0.777703641616405, 0.785664728249005, 0.7870733550400093, 0.7846060082661113, 0.7803000265597507, 0.7906429270953985, 0.7939066632061133, 0.79235339036357, 0.7755241216203254, 0.7989753975608809, 0.7792308815125921, 0.795095099407464, 0.7914781603624003, 0.7980519440581695, 0.7864262825198363, 0.7914126903519622]
test_auc_roc -----> [0.7783984780352817]
test_auc_pr -----> [0.7602290419260265]
cm -----> [[201  76]
 [ 93 219]]
--------
