--------
epochs_index -----> 29
train_acc -----> [0.7099184989929199, 0.8048007488250732, 0.8786231875419617, 0.9345561861991882, 0.9601449370384216, 0.9617300629615784, 0.9669383764266968, 0.9832427501678467, 0.9827898740768433, 0.983016312122345, 0.9818840622901917, 0.976222813129425, 0.98777174949646, 0.985733687877655, 0.9812046885490417, 0.99048912525177, 0.9839221239089966, 0.9850543737411499, 0.98777174949646, 0.9839221239089966, 0.9859601259231567, 0.9898098111152649, 0.9884510636329651, 0.9902626872062683, 0.9947916865348816, 0.9943387508392334, 0.9823369383811951, 0.9886775612831116, 0.9907155632972717, 0.9866394996643066]
test_acc -----> [0.8166383504867554]
val_acc -----> [0.7680995464324951, 0.7918552160263062, 0.7884615659713745, 0.7816742062568665, 0.8031674027442932, 0.7680995464324951, 0.8009049892425537, 0.790723979473114, 0.8042986392974854, 0.7941176295280457, 0.8133484125137329, 0.814479649066925, 0.8065611124038696, 0.8122171759605408, 0.8122171759605408, 0.7692307829856873, 0.7929864525794983, 0.8110859990119934, 0.8031674027442932, 0.7952488660812378, 0.7963801026344299, 0.8178732991218567, 0.8054298758506775, 0.7714931964874268, 0.8212669491767883, 0.7997737526893616, 0.8031674027442932, 0.8099547624588013, 0.8065611124038696, 0.7941176295280457]
train_f1_score -----> [0.7097784452244729, 0.804715960940871, 0.8786111323195933, 0.934554379090218, 0.9601447181569417, 0.9617300654969586, 0.9669383397591347, 0.9832427348699342, 0.9827898182971087, 0.9830162915051686, 0.9818840381030018, 0.9762228198632593, 0.9877717240930557, 0.9857336723585451, 0.9812046810452386, 0.9904891234794544, 0.9839220956203565, 0.9850543397560174, 0.9877717341259622, 0.983922075833221, 0.9859601140047105, 0.9898097645405246, 0.9884510766220661, 0.9902626516880709, 0.994791661395082, 0.9943387628211352, 0.9823369515172912, 0.9886775289049751, 0.9907155628031867, 0.9866394322544505]
test_f1_score -----> [0.8164854896792728]
val_f1_score -----> [0.7647810072428096, 0.7918029799051307, 0.7864874903636951, 0.779732413268925, 0.8026785664228568, 0.765154111848558, 0.8001592674851076, 0.7904319327824673, 0.8034229841749372, 0.793965777180168, 0.8133424398041417, 0.8144558896064291, 0.8061440750156404, 0.8111645812922421, 0.8121210208773321, 0.7658642935696789, 0.7914037759336545, 0.8110160773320858, 0.8026785664228568, 0.7946178332759128, 0.7960418325620815, 0.8178450934355574, 0.8029077435133896, 0.7674895784064313, 0.821234021849967, 0.7989956670648717, 0.8016229579348906, 0.8099304236217563, 0.806505369193891, 0.7938126311550275]
train_loss -----> [0.568188675841236, 0.42398920386651695, 0.27693524705060474, 0.17277459401657963, 0.11870138123332799, 0.10494171374871189, 0.09472922664641385, 0.053657289605073474, 0.05699828644842131, 0.05258639831781036, 0.056479060001863826, 0.07292992546494015, 0.03981234908958186, 0.04515306912682413, 0.06282132092409351, 0.030131904014549616, 0.06214055176538132, 0.04571991739900357, 0.04217916846856341, 0.04723561392500491, 0.04319960188610811, 0.04159872652854531, 0.04250743495536293, 0.027120505094613934, 0.019450763232544414, 0.021028069659795614, 0.06736773658876456, 0.038639727410394474, 0.026974423043190216, 0.052784494762178294]
val_loss -----> [0.4959457483109053, 0.47038521080672213, 0.5100570329137751, 0.638648663437716, 0.6607505268383735, 0.7864605165422296, 0.8129211523452656, 0.9342272186039333, 0.9364419368689308, 0.9987872016321456, 0.9223993261350502, 0.8426628081770513, 1.0059220466082643, 1.137827574569291, 1.0116940579845923, 1.7076840247864309, 1.3037325866649008, 0.9686536977539807, 1.1236013176524933, 1.3700896837564516, 1.2806373328571232, 1.1180845681166518, 1.4103390352686367, 1.540378317809439, 1.1357707806427908, 1.6152972564859083, 1.5163719908523856, 1.463449422958588, 1.8317888612799142, 1.603615722904799]
test_loss -----> [1.5580378942654904]
val_auc_roc -----> [0.848590323703446, 0.8720183861919291, 0.8856595892794988, 0.876507442517557, 0.8821533138142135, 0.8603939313281873, 0.8796938023381994, 0.8798678364488852, 0.889595831371184, 0.8816388894576278, 0.8907961548698838, 0.8932454290452695, 0.88650928523167, 0.88765586290207, 0.8898824757887841, 0.8752533731905572, 0.8835327900739134, 0.8910418500849696, 0.8876072357240842, 0.8813343297639279, 0.8862763866423702, 0.8948296513175404, 0.8837554513625847, 0.8934680903339409, 0.8945378882496264, 0.8788799369382281, 0.8859718269486702, 0.8879885751724984, 0.8780942241149854, 0.8869904383612128]
val_auc_pr -----> [0.8394855206558177, 0.8689562000022502, 0.884990324273746, 0.8703245822339845, 0.8765812478243996, 0.8564493921812539, 0.8706385466214539, 0.8643062398169615, 0.8827746900307616, 0.8739718380120588, 0.8814438197995617, 0.8847815826560846, 0.8773330004597845, 0.8754663760780714, 0.8799285000678194, 0.8627768771873516, 0.8662220165047457, 0.8823728894167919, 0.8794830236522866, 0.8760985538460464, 0.8697599543609659, 0.8873146920532079, 0.8567426542221492, 0.8759293749292315, 0.8783176178584927, 0.8577099270017692, 0.8677802769286588, 0.8647780927567938, 0.8456617866885185, 0.8703836469426973]
test_auc_roc -----> [0.8947307736653984]
test_auc_pr -----> [0.878545646624365]
cm -----> [[249  62]
 [ 46 232]]
--------
