--------
epochs_index -----> 39
train_acc -----> [0.6723259687423706, 0.6954584121704102, 0.7190153002738953, 0.7143463492393494, 0.729626476764679, 0.7366299033164978, 0.7400254607200623, 0.7412987947463989, 0.7483022212982178, 0.7466044425964355, 0.7572156190872192, 0.7640067934989929, 0.7676146030426025, 0.7669779062271118, 0.7856536507606506, 0.7833191752433777, 0.7786502838134766, 0.7873514294624329, 0.7860780954360962, 0.7862903475761414, 0.7966893315315247, 0.7983871102333069, 0.7973259687423706, 0.8056027293205261, 0.8005093336105347, 0.8073005080223083, 0.8079372048377991, 0.799872636795044, 0.8073005080223083, 0.8096349835395813, 0.8153650164604187, 0.816426157951355, 0.8155772686004639, 0.8232173323631287, 0.8293718099594116, 0.8213073015213013, 0.8227928876876831, 0.8278862237930298, 0.8283106684684753, 0.8372241258621216]
test_acc -----> [0.8200339674949646]
val_acc -----> [0.7113752365112305, 0.735144317150116, 0.7504244446754456, 0.7130730152130127, 0.7215619683265686, 0.6994906663894653, 0.7028862237930298, 0.7487266659736633, 0.7487266659736633, 0.7470288872718811, 0.7368420958518982, 0.7436332702636719, 0.7504244446754456, 0.7334465384483337, 0.7724957466125488, 0.7724957466125488, 0.7606111764907837, 0.7572156190872192, 0.7623090147972107, 0.7589133977890015, 0.7860780954360962, 0.7011884450912476, 0.7758913636207581, 0.7113752365112305, 0.7809846997261047, 0.7640067934989929, 0.7724957466125488, 0.7945670485496521, 0.7724957466125488, 0.7877758741378784, 0.7572156190872192, 0.7826825380325317, 0.7996604442596436, 0.8013582229614258, 0.7996604442596436, 0.7928692698478699, 0.7809846997261047, 0.7962648272514343, 0.7996604442596436, 0.7996604442596436]
train_f1_score -----> [0.6723174703224306, 0.6953638783553506, 0.7189810510582124, 0.7142720138431963, 0.7295909666846228, 0.7365088168243981, 0.7399011816026437, 0.7412145958861576, 0.7481887886985534, 0.7464809093126696, 0.7571230273923342, 0.7637861789557143, 0.7674561415382436, 0.7668643533878876, 0.7854476636757521, 0.7831358564877596, 0.7784166299765204, 0.7872224852166823, 0.7858944499885882, 0.7861147526409333, 0.7964939223182179, 0.7981365597384809, 0.797100718930691, 0.8053838938063487, 0.8003755122826784, 0.8071253417791213, 0.8077237176778442, 0.7996933015566392, 0.8071398436009922, 0.8094643597734001, 0.8152065186508718, 0.8163009692058347, 0.815421213053733, 0.8230450912501, 0.8291748502058431, 0.8212330929260777, 0.8226640411915442, 0.8277974462298205, 0.8282083648305583, 0.83711669563251]
test_f1_score -----> [0.8186744838594804]
val_f1_score -----> [0.7066182970604244, 0.7344085971404377, 0.7504215655520488, 0.7030904600851837, 0.713799800762107, 0.6882171871533505, 0.6856290574132622, 0.7476201455479923, 0.7487259260249626, 0.7443762493225078, 0.7328501107874841, 0.7385661787910565, 0.7468488727506979, 0.7226905324269413, 0.7710378468927394, 0.7724426198161152, 0.7556412055601704, 0.7535326824676623, 0.755960408966752, 0.7530179492690752, 0.7857513980150094, 0.6880221452137608, 0.7750034676970536, 0.6986577537363003, 0.780961985258805, 0.7624290104089981, 0.7717793560676088, 0.7945575827853744, 0.7709102469552176, 0.7876877597344767, 0.7550009403806117, 0.7809085364183828, 0.7996321359364285, 0.8011725383053723, 0.7985869565602536, 0.7915419198572922, 0.78055711494093, 0.7951731762478562, 0.7990295816077955, 0.7977664700302647]
train_loss -----> [0.6207447603269015, 0.579029729441187, 0.5511823592546226, 0.5547439137344043, 0.5299485009321739, 0.5234015023870257, 0.5195081751344554, 0.514800579266556, 0.5080348683334567, 0.500283395773486, 0.49370898136865926, 0.48740576475175657, 0.48560042877907644, 0.48147029271554886, 0.46620855361526814, 0.4568311239897902, 0.46802033653485975, 0.46120231392428074, 0.4507352888128753, 0.45557111442873355, 0.4531488031629594, 0.430307774439277, 0.4327922265325216, 0.42197111130380577, 0.43163557807283975, 0.42218576457686635, 0.42015906964098226, 0.41594008372777186, 0.41026313279728527, 0.40774856477419286, 0.40155276563176634, 0.39475362736523056, 0.3964412143937801, 0.3943783864315681, 0.38733296620648444, 0.38168272599838804, 0.38700734950437604, 0.3771987418566653, 0.38054529750792393, 0.3803414917932046]
val_loss -----> [0.5555940894661723, 0.5449472325476443, 0.5271374003307239, 0.5532030702845474, 0.5775749053101279, 0.5998235433488277, 0.6078235908738665, 0.6180556180912095, 0.5504164232595546, 0.6087362595103881, 0.6366123988016231, 0.7114763809619726, 0.5358908859056396, 0.5478477741818172, 0.5246869206831257, 0.49483572933319453, 0.5137967700893815, 0.5190125061450777, 0.5317658992937287, 0.5931641042131829, 0.48617653528580806, 0.7197238833114907, 0.5141839725342955, 0.7586562018338087, 0.5260660116736954, 0.5639541521668436, 0.5284302426955185, 0.49322874159426294, 0.5850569340022835, 0.5112393516543751, 0.6025622086347759, 0.48688273534581483, 0.5253886616713294, 0.5086590847050824, 0.5014800243079665, 0.5670207798783037, 0.511576463644569, 0.6056130311477026, 0.5509454714688097, 0.5077039025522567]
test_loss -----> [0.5165797873475666]
val_auc_roc -----> [0.7866366885737347, 0.8104692724547445, 0.816026749682924, 0.809996540989277, 0.8169030323994005, 0.8206157039086822, 0.8242361351320189, 0.8279718667127868, 0.8223452092701489, 0.830704485183904, 0.8293670010377032, 0.8310734463276837, 0.8460509627579846, 0.8327914216534071, 0.8382681886313849, 0.8464775740804796, 0.8454052807563703, 0.8403090049579153, 0.8459471924362966, 0.8465813444021677, 0.8520696414158885, 0.8443099273607748, 0.8416695491756025, 0.8444136976824628, 0.8494638533379454, 0.8572350974288021, 0.8617548714401014, 0.8620546523694224, 0.8625850340136054, 0.857753949037242, 0.8541911679926208, 0.8639225181598063, 0.8698835466389946, 0.8690879741727199, 0.8692493946731235, 0.8641300588031823, 0.8592816787732042, 0.8675544794188861, 0.8610284791882855, 0.8696298858526461]
val_auc_pr -----> [0.7566453380951135, 0.7989179518612141, 0.7927820023393897, 0.7890488248809298, 0.8012685039353641, 0.8031895501213759, 0.808342849160109, 0.8135515460417235, 0.8009190441319245, 0.8099115844180507, 0.8036883619870212, 0.8125640942346839, 0.8240597123544139, 0.8006922805087427, 0.8097823533671924, 0.8205763525779695, 0.8217315485962721, 0.8188419747757745, 0.824543594695347, 0.8241213337723995, 0.8306258468569029, 0.8284807975224515, 0.8161235044166713, 0.8331473015916754, 0.8327186019714877, 0.846696545942061, 0.8406846522065718, 0.8416587219385467, 0.8465735361415321, 0.8396310944477412, 0.830779756972138, 0.8489798488603717, 0.8584432819436887, 0.8534092467487079, 0.850583596023627, 0.8509000075805635, 0.837614266630549, 0.8510396933173645, 0.8419643283122253, 0.8503058168310953]
test_auc_roc -----> [0.8747838118298168]
test_auc_pr -----> [0.8439840821149187]
cm -----> [[216  27]
 [ 79 267]]
--------
