--------
epochs_index -----> 39
train_acc -----> [0.6956706047058105, 0.7207130789756775, 0.7255942225456238, 0.7432088255882263, 0.7419354915618896, 0.7553055882453918, 0.7663412690162659, 0.7686757445335388, 0.7705857157707214, 0.7735568881034851, 0.7803480625152588, 0.7860780954360962, 0.7947793006896973, 0.7879881262779236, 0.7945670485496521, 0.7994481921195984, 0.8026315569877625, 0.8019949197769165, 0.8102716207504272, 0.8070882558822632, 0.8000848889350891, 0.8132427930831909, 0.8115450143814087, 0.8162139058113098, 0.8223684430122375, 0.8176994919776917, 0.8264006972312927, 0.8225806355476379, 0.8255518078804016, 0.8304329514503479, 0.8359507918357849, 0.8283106684684753, 0.8357385396957397, 0.8372241258621216, 0.8378607630729675, 0.8467742204666138, 0.8433786034584045, 0.8399830460548401, 0.8457130789756775, 0.8421052694320679]
test_acc -----> [0.8353140950202942]
val_acc -----> [0.7300509214401245, 0.7402377128601074, 0.755517840385437, 0.7266553640365601, 0.7572156190872192, 0.7775891423225403, 0.7385398745536804, 0.7826825380325317, 0.7860780954360962, 0.7894737124443054, 0.7809846997261047, 0.7962648272514343, 0.784380316734314, 0.7792869210243225, 0.7792869210243225, 0.8166383504867554, 0.8132427930831909, 0.8081493973731995, 0.7928692698478699, 0.7877758741378784, 0.8149405717849731, 0.8183361887931824, 0.8132427930831909, 0.7979626655578613, 0.8013582229614258, 0.8166383504867554, 0.8115450143814087, 0.825127363204956, 0.8132427930831909, 0.8200339674949646, 0.8115450143814087, 0.8149405717849731, 0.8183361887931824, 0.8081493973731995, 0.8064516186714172, 0.8081493973731995, 0.8183361887931824, 0.8149405717849731, 0.823429524898529, 0.8370118737220764]
train_f1_score -----> [0.6956144701274904, 0.7206615356327654, 0.7255419958673819, 0.7431614419341138, 0.7418412983211962, 0.7552590259355222, 0.766238062315515, 0.7686275307752615, 0.7705074993771627, 0.7734899370306425, 0.7802798690569412, 0.7860068104191524, 0.7946811765871659, 0.7879158107933185, 0.7945048250998447, 0.7993918235952602, 0.8024903465869643, 0.801973487267123, 0.8102248368581365, 0.8069811689844184, 0.7999278758886106, 0.8131834098721004, 0.8114731180452748, 0.8160695755196528, 0.822273312865935, 0.8176189775826835, 0.8262842217416198, 0.8224873864429849, 0.8254105834579317, 0.8303017697900854, 0.8358119645690849, 0.8282348691668093, 0.8356980124472442, 0.8371131131685475, 0.8377691203868272, 0.8467207274087623, 0.8432836255185547, 0.8399019980354174, 0.845662845568457, 0.8420341117882324]
test_f1_score -----> [0.8353121878017511]
val_f1_score -----> [0.728800154851015, 0.7389101141625902, 0.7549237120453453, 0.7204144099843892, 0.7568118444397924, 0.7768455403762626, 0.7337501418374582, 0.7825765915055809, 0.7860626765841645, 0.7876218341801575, 0.7808229797035351, 0.7947258314439491, 0.7840790627480163, 0.7787505728859561, 0.7756492848222899, 0.8165743894373756, 0.8132293201882418, 0.8071689065383509, 0.7926535037507769, 0.7835812729848894, 0.8144592330093733, 0.8182334653041556, 0.8127240093241435, 0.7978787470256751, 0.8011725383064128, 0.8163583404389114, 0.810581846157016, 0.8243964092271868, 0.8128495120147368, 0.8200292819385323, 0.8115362945358534, 0.8148359600767854, 0.8167962625129074, 0.8072604859605377, 0.8064376592875109, 0.8081405521857574, 0.8183026384254055, 0.8146820295188801, 0.8230004573059178, 0.8370076510919199]
train_loss -----> [0.5844930305140943, 0.5461037271167515, 0.5396264178491811, 0.5095766963143097, 0.507218440757442, 0.5006085888740363, 0.48120383275688605, 0.47459058631812395, 0.46526560936192707, 0.46554153719964386, 0.4559647139977725, 0.4487399317842791, 0.44169311412627543, 0.43977278584206475, 0.43943083821993506, 0.43343919442874873, 0.42057977088668597, 0.42852327642497473, 0.41673169208529187, 0.409013750363641, 0.42183855174706997, 0.4056543706392899, 0.40103539708742475, 0.3922576467002189, 0.39345858017131335, 0.39027239042626805, 0.3758370114556796, 0.3887933168452744, 0.38446391836846044, 0.3724619450461884, 0.37169631173698225, 0.3679731790804902, 0.36372076483452875, 0.3588532190390425, 0.3571147947510504, 0.3451217626899812, 0.3465001904271254, 0.3494331498854868, 0.3460613337245803, 0.3451612902226494]
val_loss -----> [0.5521679637399878, 0.5336725836670075, 0.5055297031193166, 0.52979798735799, 0.49926017748342977, 0.4618926217427124, 0.5054730092351503, 0.46529497125664265, 0.46387101246698476, 0.4712165181298513, 0.4645610735625834, 0.45284522314732145, 0.48518581638062325, 0.45551689573236415, 0.5233113441515616, 0.4544619434588664, 0.4424134358965063, 0.44161258094214095, 0.4579038777061412, 0.45389136168602356, 0.4384021263670277, 0.41753119834371505, 0.4480882101767772, 0.41984123635936427, 0.4111191948523392, 0.4135721935009636, 0.41967283521552345, 0.42772464877044836, 0.41543063551590237, 0.43807344974295515, 0.41559092166858747, 0.46074055930649904, 0.41697016257692043, 0.40856326159995954, 0.4589998087770229, 0.43493432969459006, 0.4373942741469757, 0.43946612435015475, 0.40518620952561085, 0.3980222443068351]
test_loss -----> [0.39659741520881664]
val_auc_roc -----> [0.8000576501787156, 0.8257119797071371, 0.8364349129482301, 0.8389715208117146, 0.839963103885622, 0.8626080940850916, 0.8502478957684768, 0.862319843191514, 0.8679810907413813, 0.8706791191052693, 0.8633460163726507, 0.8783465928744378, 0.8704254583189208, 0.8804565894154271, 0.8759483454398709, 0.8829470771359391, 0.8852069641415887, 0.8901418194396402, 0.8815288827395364, 0.888458434221146, 0.8865444482877898, 0.8986394557823129, 0.8938314308774358, 0.8956762365963333, 0.8954802259887006, 0.9004381413582382, 0.9013490141819439, 0.8937968407702064, 0.8982589646027902, 0.8973596218148276, 0.89948114839156, 0.8944540528075637, 0.9016833852184942, 0.9034128905799608, 0.8944079326645913, 0.9016603251470079, 0.8961028479188287, 0.9007263922518159, 0.9083592759137553, 0.9104577424190015]
val_auc_pr -----> [0.7862305507759668, 0.8192581174782947, 0.8290578798291439, 0.8296194236222799, 0.815964348513131, 0.851572015118415, 0.8314002718687646, 0.8414540317398875, 0.8390068491352201, 0.8520834015970046, 0.8440208039423509, 0.8700367107166839, 0.8485281679118921, 0.8753548086998265, 0.8604126936141396, 0.8643805869480305, 0.8668168110548746, 0.8782216716593506, 0.8823011329985739, 0.8754426766700373, 0.8671711493928203, 0.8875121228738521, 0.8694057551725374, 0.8813102176458629, 0.8853104558871365, 0.8866323808273849, 0.8888277681162966, 0.8674936591176806, 0.8768717982408898, 0.8819653317274552, 0.8859806029116503, 0.8750863380995613, 0.8859973367710334, 0.8924460022782994, 0.8698132435399788, 0.8870057961266924, 0.8781365598703137, 0.8884873999224875, 0.8924786592426746, 0.8876286021339164]
test_auc_roc -----> [0.9077135939121412]
test_auc_pr -----> [0.8956067778789059]
cm -----> [[247  50]
 [ 47 245]]
--------
