--------
epochs_index -----> 29
train_acc -----> [0.6782155632972717, 0.7284873127937317, 0.748641312122345, 0.7540760636329651, 0.7567934989929199, 0.7545289993286133, 0.7699275612831116, 0.7697010636329651, 0.7701539993286133, 0.776494562625885, 0.7805706262588501, 0.7787590622901917, 0.7787590622901917, 0.7755887508392334, 0.7801177501678467, 0.7857789993286133, 0.7855525612831116, 0.7774003744125366, 0.7839673757553101, 0.7898550629615784, 0.7952898740768433, 0.7875905632972717, 0.7844203114509583, 0.7898550629615784, 0.78736412525177, 0.7875905632972717, 0.7977808117866516, 0.7986866235733032, 0.7943840622901917, 0.7903079986572266]
test_acc -----> [0.7623090147972107]
val_acc -----> [0.7138009071350098, 0.7590497732162476, 0.7590497732162476, 0.766968309879303, 0.7590497732162476, 0.7929864525794983, 0.7714931964874268, 0.7963801026344299, 0.7963801026344299, 0.7782805562019348, 0.7873303294181824, 0.7828054428100586, 0.7997737526893616, 0.7986425161361694, 0.7986425161361694, 0.7963801026344299, 0.8009049892425537, 0.7952488660812378, 0.8042986392974854, 0.7963801026344299, 0.7941176295280457, 0.8020362257957458, 0.7997737526893616, 0.8054298758506775, 0.7873303294181824, 0.8054298758506775, 0.8099547624588013, 0.8110859990119934, 0.7975113391876221, 0.8065611124038696]
train_f1_score -----> [0.6780848181944098, 0.7284841811322273, 0.7485706966647512, 0.7540177557860015, 0.7567136297502206, 0.7545046085386135, 0.7698663543995389, 0.7696727237058536, 0.7701233201529414, 0.7764265861148513, 0.7805106679263152, 0.7787111096397937, 0.7787195537117804, 0.7754934278218943, 0.7800543061849774, 0.7857014415972927, 0.7855192610195729, 0.7772791923414744, 0.7839191197725287, 0.7897894853343421, 0.7952412986371425, 0.7875459508798366, 0.784383090186278, 0.7898136360452294, 0.7872096043299524, 0.7875431176799192, 0.7976986206940813, 0.7986253643018104, 0.7943023690640065, 0.7902356388765821]
test_f1_score -----> [0.7621931474309691]
val_f1_score -----> [0.7123398797922593, 0.7590247910159796, 0.759012454428013, 0.7669384967673649, 0.7588865490431236, 0.7929543615477501, 0.7713984270037904, 0.7960418325620815, 0.7962758061939808, 0.7782249137046853, 0.7873259573082516, 0.782734249976246, 0.7989378097488654, 0.7986425289185828, 0.7983442215688681, 0.7963634079684468, 0.8007581140307467, 0.7952171553557327, 0.8042422741554709, 0.7963425572371622, 0.7941176420408571, 0.8020359407496913, 0.7997611949714689, 0.8054258754077603, 0.7867014345107635, 0.8054258754077603, 0.8099537733327704, 0.8107893637790087, 0.7971559532364296, 0.8064518557042777]
train_loss -----> [0.6079504506095599, 0.5397664114724894, 0.5192915491651799, 0.5074342616118378, 0.4975931755928464, 0.4945709742605688, 0.4847784543922846, 0.479763114271497, 0.47509363721516257, 0.4755206984886227, 0.4706092004704732, 0.4680361530568074, 0.46444555882202554, 0.465737462205731, 0.4632310955852701, 0.46043977200769004, 0.4598446102084026, 0.46040887319469365, 0.45567680389174947, 0.4494124154789725, 0.44640504269172315, 0.4537175680524195, 0.4580739881654364, 0.4502032751055516, 0.4525963427984844, 0.4461312996952432, 0.4449113103142681, 0.4405824704959555, 0.44060683915850446, 0.44386406986555765]
val_loss -----> [0.557105013647595, 0.5194091441126556, 0.5043365331114948, 0.49472254595241044, 0.487070758063514, 0.4773107060978005, 0.4745325699851319, 0.4679825722097276, 0.46349395086636413, 0.46391499055935453, 0.46016657835728425, 0.4587992957314929, 0.45506597894269085, 0.4526642915364858, 0.4493478285568254, 0.4492779293575803, 0.4448435074305748, 0.4464814480360565, 0.4414947573934589, 0.44111980538110473, 0.44235727526583113, 0.44038648285844295, 0.4395443250735601, 0.4375139668181135, 0.4431755756204193, 0.43596311020958534, 0.43450867364535445, 0.43466366438178333, 0.4397106502238694, 0.43216449572696336]
test_loss -----> [0.5040186337522556]
val_auc_roc -----> [0.7994589586617802, 0.825789295878463, 0.8366305972441187, 0.8429521303822607, 0.8502103765279172, 0.855774349419545, 0.8575914702811163, 0.860350422800516, 0.8644606990028869, 0.8648804283286584, 0.8660321246493724, 0.8676189062468008, 0.8708948424479432, 0.8702447738580292, 0.8720363014680289, 0.8724355561925432, 0.8747440674842857, 0.8748157285886857, 0.8771959009848282, 0.8765714256464856, 0.8760544419647427, 0.8778971560778853, 0.8791870559570851, 0.8796221412337993, 0.8812191601318565, 0.8806612272475993, 0.8814085501934851, 0.8801749554677423, 0.8811679736287137, 0.8821149239368564]
val_auc_pr -----> [0.7660123002479102, 0.7930744284539956, 0.8046955493217309, 0.8123992348854804, 0.8201192843166569, 0.826926448095262, 0.8291097042683997, 0.831479530129683, 0.8374890604856955, 0.838789272360997, 0.8391528970418332, 0.8415960437342864, 0.8435123124526648, 0.8442329224731894, 0.8468118750178236, 0.8492960978765746, 0.8518235923428891, 0.8527297180065534, 0.8563406183958095, 0.8528074389499491, 0.8516163601982157, 0.8551107454733018, 0.8568282384514745, 0.857010193865331, 0.8612475701887894, 0.8593093047067137, 0.860400454382208, 0.856322993381356, 0.8598542681639996, 0.8595459200958078]
test_auc_roc -----> [0.8359506514470194]
test_auc_pr -----> [0.8197217725336768]
cm -----> [[218  64]
 [ 76 231]]
--------
