--------
epochs_index -----> 39
train_acc -----> [0.659380316734314, 0.717954158782959, 0.7287775874137878, 0.7400254607200623, 0.7527589201927185, 0.7474533319473267, 0.7572156190872192, 0.7718591094017029, 0.759337842464447, 0.7657045722007751, 0.7797113656997681, 0.7659168243408203, 0.7771646976470947, 0.7767402529716492, 0.7831069827079773, 0.7718591094017029, 0.7714346647262573, 0.7845925092697144, 0.7763158082962036, 0.7771646976470947, 0.7750424742698669, 0.7854413986206055, 0.7809846997261047, 0.784380316734314, 0.7816213965415955, 0.7848047614097595, 0.7814091444015503, 0.7852292060852051, 0.7792869210243225, 0.7862903475761414, 0.7911714911460876, 0.7835314273834229, 0.7828947305679321, 0.7862903475761414, 0.7877758741378784, 0.791383683681488, 0.7949914932250977, 0.784380316734314, 0.7920203804969788, 0.7949914932250977]
test_acc -----> [0.7674023509025574]
val_acc -----> [0.6638370156288147, 0.7045840620994568, 0.7096773982048035, 0.7164685726165771, 0.7266553640365601, 0.7215619683265686, 0.7368420958518982, 0.7283531427383423, 0.7266553640365601, 0.7368420958518982, 0.735144317150116, 0.7317487001419067, 0.7402377128601074, 0.735144317150116, 0.7436332702636719, 0.7453310489654541, 0.7402377128601074, 0.7419354915618896, 0.7436332702636719, 0.7300509214401245, 0.7385398745536804, 0.7232597470283508, 0.7419354915618896, 0.7334465384483337, 0.7436332702636719, 0.735144317150116, 0.7249575257301331, 0.7419354915618896, 0.7402377128601074, 0.7385398745536804, 0.7385398745536804, 0.7368420958518982, 0.7300509214401245, 0.735144317150116, 0.7385398745536804, 0.7402377128601074, 0.7334465384483337, 0.7317487001419067, 0.7402377128601074, 0.7402377128601074]
train_f1_score -----> [0.6592694243874431, 0.7177801548116253, 0.7285709831408325, 0.7398811150565195, 0.7526858267394281, 0.7472549613031046, 0.7570683870240085, 0.7717085389116544, 0.7592018120015529, 0.7655369284969076, 0.7796236680924602, 0.765762342846122, 0.7770248478324593, 0.7766228847109677, 0.7830312810422506, 0.7717413761004885, 0.7713530591516772, 0.7845012022197226, 0.7761657345915367, 0.7770295506163419, 0.7749839028550862, 0.7852903223263545, 0.7809215654912636, 0.7842260135079706, 0.7814143983269486, 0.7846253325345967, 0.7812215115061951, 0.7851400129353436, 0.7791665737920076, 0.7861398165802533, 0.7910952601870851, 0.7834218028203993, 0.7828064475229366, 0.7862070360422677, 0.7876335240241827, 0.7912320397980575, 0.7948448118097111, 0.7843016102745488, 0.7919303669031672, 0.7948628596057741]
test_f1_score -----> [0.7671849388754889]
val_f1_score -----> [0.6614942478849292, 0.7045831841840196, 0.7095937047005292, 0.7159970499429757, 0.7266553430228785, 0.7213298202694143, 0.7368390659920965, 0.7281768415526151, 0.7266521913220167, 0.7367935439021881, 0.7351068931973782, 0.7315250705633278, 0.7401627878870719, 0.7351252198265199, 0.7434883503028185, 0.7450069217884259, 0.7399378342463867, 0.741218632982499, 0.7431327478048377, 0.7300229132337828, 0.7385331100014418, 0.7223345285617637, 0.7410210076753202, 0.7329261022218561, 0.7435593526849353, 0.7350824537470929, 0.7248615866723258, 0.741541370072629, 0.7396493245877584, 0.7379045257323071, 0.7381405986923435, 0.7368390659920965, 0.7300509287613031, 0.7346662920255026, 0.7383219040935859, 0.7399948593326229, 0.7331388235084522, 0.7316179813198023, 0.7397305326105104, 0.740090845075448]
train_loss -----> [0.618867673321369, 0.5557394721410878, 0.5389852331277674, 0.5236565172166291, 0.5113523708488822, 0.5084847611310325, 0.5032756915015553, 0.48822653227832014, 0.4886637705240672, 0.4886209405515917, 0.48038839227527846, 0.484161493227721, 0.4750940421997789, 0.47312392245073637, 0.46970410472974305, 0.47113811922953774, 0.47416091301748814, 0.4618122573619385, 0.4667091150032849, 0.463980178198507, 0.4624403173480255, 0.4570202082522051, 0.45721326722859934, 0.45856950028541743, 0.46125704748318824, 0.4531465933005149, 0.455670648120053, 0.451558480061376, 0.4566384249434812, 0.45043396609495373, 0.4508146895491003, 0.4516834749987252, 0.4522228129903817, 0.4560106303700968, 0.4552652843688664, 0.4482878244312794, 0.44629215913333026, 0.4475619732346923, 0.44551681809392935, 0.44123514980735484]
val_loss -----> [0.6067919646565979, 0.5778098158739713, 0.5656824756313015, 0.5596906293082883, 0.5518041196707131, 0.5504206572030041, 0.5431232512802694, 0.54332635692648, 0.542093696626457, 0.5407358009267497, 0.5336825263661306, 0.5360054001212121, 0.5293617006894703, 0.529293365373805, 0.5259878399807055, 0.5265234688649307, 0.5239493059548169, 0.5280275477750882, 0.5257220276304195, 0.5245239956153406, 0.5238095745444298, 0.5325139112569193, 0.5244002175089476, 0.5224739780297153, 0.5231236136845641, 0.5224604876460257, 0.5238982741091704, 0.5209028479215261, 0.5190441084874641, 0.5183837009040084, 0.5163590575794915, 0.5211666653285157, 0.5201906122871345, 0.5198834910988805, 0.5186734181400893, 0.5159270990941976, 0.517993893776391, 0.5172262556246809, 0.5150290707478654, 0.5157348477357143]
test_loss -----> [0.5170908087008708]
val_auc_roc -----> [0.7411968177101349, 0.768557592528537, 0.7806180099158307, 0.788573734578577, 0.7924362965525192, 0.7953764556670126, 0.7997117491064223, 0.8007033321803297, 0.8004957915369538, 0.8029055690072638, 0.807909604519774, 0.8078519543410584, 0.8105384526692033, 0.8107690533840655, 0.8137553326415312, 0.8127752796033668, 0.8148506860371267, 0.8139513432491641, 0.8150697567162458, 0.8153234175025944, 0.8157615588608325, 0.8146662054652369, 0.8163495906837311, 0.8169376225066298, 0.8169145624351436, 0.816130520004612, 0.8165110111841346, 0.817906145509051, 0.8207771244090857, 0.8207310042661132, 0.8214458664821861, 0.818932318690188, 0.8188977285829585, 0.8193589300126831, 0.8190130289403897, 0.8217456474115069, 0.8205580537299665, 0.8201545024789576, 0.8226449901994696, 0.8223221491986625]
val_auc_pr -----> [0.7095188784130662, 0.7432255647252505, 0.7531350589090352, 0.7616796118385245, 0.7651208021124258, 0.7645899359827313, 0.7677149591942809, 0.7672275110246762, 0.7661368655498899, 0.7644898280523005, 0.7748667299050312, 0.7761659286429625, 0.7824320833494773, 0.7812815347220814, 0.7862545372690806, 0.7833290696919368, 0.7862297597951209, 0.7845665717235774, 0.7862748183159776, 0.7875369850022362, 0.7870564242501983, 0.7865042874241682, 0.7873075006404016, 0.7875135957781503, 0.7886887449592132, 0.7877756263997031, 0.787684826920279, 0.789638402020062, 0.7942742883430409, 0.7923832160404205, 0.7947693771885274, 0.7914654841580747, 0.7909420156815639, 0.7918511333104523, 0.792243928049894, 0.7941328591474992, 0.7919803852462969, 0.7922465495454586, 0.7943565276116106, 0.7952963278587379]
test_auc_roc -----> [0.8262884814942928]
test_auc_pr -----> [0.7856352729687432]
cm -----> [[217  60]
 [ 77 235]]
--------
