--------
epochs_index -----> 39
train_acc -----> [0.6731748580932617, 0.6982173323631287, 0.7122241258621216, 0.7113752365112305, 0.725806474685669, 0.74214768409729, 0.7478777766227722, 0.7400254607200623, 0.7570033669471741, 0.7627334594726562, 0.7548811435699463, 0.7697368264198303, 0.7716468572616577, 0.7693123817443848, 0.7805602550506592, 0.7831069827079773, 0.7871392369270325, 0.7860780954360962, 0.7894737124443054, 0.7924448251724243, 0.7958403825759888, 0.7960526347160339, 0.8073005080223083, 0.7988115549087524, 0.8032682538032532, 0.8049660325050354, 0.8128183484077454, 0.8115450143814087, 0.8083616495132446, 0.8268251419067383, 0.8266128897666931, 0.8236417770385742, 0.8249151110649109, 0.8268251419067383, 0.8370118737220764, 0.8302206993103027, 0.8338285088539124, 0.8357385396957397, 0.8272495865821838, 0.833616316318512]
test_acc -----> [0.7962648272514343]
val_acc -----> [0.6689304113388062, 0.6960950493812561, 0.6791171431541443, 0.7419354915618896, 0.7436332702636719, 0.7334465384483337, 0.7249575257301331, 0.7470288872718811, 0.7334465384483337, 0.7487266659736633, 0.7470288872718811, 0.7504244446754456, 0.7691001892089844, 0.7470288872718811, 0.7657045722007751, 0.7606111764907837, 0.7521222233772278, 0.774193525314331, 0.7640067934989929, 0.7826825380325317, 0.7623090147972107, 0.7691001892089844, 0.7657045722007751, 0.7707979679107666, 0.7792869210243225, 0.7707979679107666, 0.7724957466125488, 0.7606111764907837, 0.7572156190872192, 0.774193525314331, 0.7945670485496521, 0.7826825380325317, 0.784380316734314, 0.7792869210243225, 0.7758913636207581, 0.7674023509025574, 0.7928692698478699, 0.7877758741378784, 0.7657045722007751, 0.7996604442596436]
train_f1_score -----> [0.6730898233945715, 0.6981302985268119, 0.7121411283207961, 0.7113001031922646, 0.7256343853426712, 0.7420788285710787, 0.7478368680151457, 0.7399284633877253, 0.7569242919765848, 0.762714589446644, 0.7546797815693127, 0.7695641265279443, 0.771508377707824, 0.7692600012245847, 0.7804653057632525, 0.783076317098907, 0.7869694934355348, 0.7859571656678894, 0.7893032842339431, 0.7923756551982677, 0.7956701870199985, 0.7959731493609867, 0.8071398436009922, 0.7986234683723816, 0.8031341026171799, 0.8047961727939044, 0.812671322965749, 0.8113784778843536, 0.8080969288424826, 0.8267340995663197, 0.8265590839893082, 0.8234968804017797, 0.8247626138030271, 0.826644731843813, 0.8369197440799593, 0.830103050909452, 0.833722466394323, 0.8355934023789525, 0.8271483957077042, 0.833489552669952]
test_f1_score -----> [0.796217270951278]
val_f1_score -----> [0.6661240339135892, 0.684267420502413, 0.6626850971120287, 0.741934734972501, 0.7399604068380268, 0.7276400805047216, 0.7215666313556182, 0.7459715068485269, 0.7334342204836491, 0.7485635780596993, 0.7460802843254791, 0.7503208063341086, 0.7690835243316164, 0.7454764237103895, 0.7650537584297139, 0.7606084402218978, 0.7443029043485102, 0.7740658973491508, 0.7636143101890303, 0.7816243722439776, 0.7611516576089827, 0.767744474497488, 0.7654605212944632, 0.7697359797753844, 0.7784125059914508, 0.7655648771484264, 0.7712767140635939, 0.7604344201438458, 0.7562008419413955, 0.7730395103517, 0.79145073056029, 0.781998190645899, 0.7838919221704428, 0.7792710156834337, 0.7725868676384177, 0.7673594543483946, 0.7928208922182025, 0.7877734393418024, 0.7586065525146092, 0.7996598589184251]
train_loss -----> [0.6181397986786481, 0.5811980972113954, 0.5618548587799483, 0.5508272986106436, 0.5380986610677319, 0.5174740197703067, 0.5102873512991213, 0.5101849214633982, 0.49631030877802323, 0.4935730851377109, 0.4911698729229904, 0.47676205096832763, 0.4692248592630712, 0.4806476260056318, 0.45928087817894003, 0.45790289372762316, 0.4541779780010924, 0.45048997406365515, 0.44517082532516755, 0.4401538808196023, 0.43758957408343313, 0.4271646634389368, 0.424845110991865, 0.43022071466431755, 0.42090696692213697, 0.4221774748445876, 0.40697409158196224, 0.4039396375847793, 0.4073413667159944, 0.39017185151374617, 0.3910521360111057, 0.393185930933759, 0.38800387856422475, 0.3832803432891346, 0.37603960200790015, 0.3759205645845225, 0.3728982532153409, 0.3699337074245326, 0.37411594738415316, 0.36520752260470934]
val_loss -----> [0.5644520710448958, 0.5621586172161877, 0.6329395176993833, 0.5221778603421676, 0.5282840311929985, 0.5809874969559745, 0.5437661880576935, 0.49260000904669643, 0.5152535829189661, 0.5266864069208905, 0.5045753236155253, 0.5303344690316434, 0.4953311697856799, 0.5215288606044409, 0.5059640798214318, 0.5105399872000154, 0.5165258237236254, 0.4995030892660491, 0.482849093103731, 0.44842269573662724, 0.5063394914205009, 0.5072510766016469, 0.49188102157534774, 0.5134046050040303, 0.4546710961573832, 0.5008218689142047, 0.47530311839403333, 0.4837620789940293, 0.4951672712089242, 0.5191778611089733, 0.5369563053387241, 0.509486903008577, 0.4652390293776989, 0.47902337265377104, 0.48428811691701407, 0.5535913108269106, 0.4670744998430884, 0.536950790096779, 0.5391948636923287, 0.43950828356114585]
test_loss -----> [0.5325846125850002]
val_auc_roc -----> [0.7789115646258502, 0.8137553326415312, 0.8032053499365848, 0.8186440677966103, 0.8167992620777125, 0.8167877320419693, 0.8320419693301049, 0.8310965063991698, 0.8188400784042431, 0.8260348207079442, 0.8285368384641992, 0.832572350974288, 0.8469503055459473, 0.8397786233137322, 0.8473999769399284, 0.8488527614435605, 0.84922172258734, 0.8476536377262768, 0.8469157154387177, 0.8673123486682809, 0.8554479418886198, 0.8606133979015336, 0.8567508359275913, 0.8517006802721089, 0.8666090164879512, 0.8653407125562089, 0.8675083592759136, 0.8531880548829702, 0.8524962527383835, 0.8604980975441023, 0.8682462815634727, 0.8641531188746685, 0.8669433875245014, 0.8714170413928283, 0.8650178715554018, 0.8615819209039549, 0.8737345785771936, 0.8728121757177447, 0.8681309812060418, 0.8825435258849302]
val_auc_pr -----> [0.7683484957761171, 0.7981190397357905, 0.7916090206748352, 0.8037934118613371, 0.8048304275635156, 0.7992217287680556, 0.8141836145718415, 0.8173708196547461, 0.8011152601727525, 0.804290184625075, 0.8048855025315296, 0.8127683749011334, 0.8259995930753682, 0.8166397186641494, 0.8264682881883999, 0.8294447712588969, 0.8278731119283096, 0.8350123070459337, 0.8328949771165544, 0.8531109283433189, 0.8457111917174243, 0.8491775907135343, 0.846032897331329, 0.8401958249173295, 0.8577811154715445, 0.8497234864899839, 0.8582215335643956, 0.8431158109132929, 0.8482840476919027, 0.8424566469186988, 0.8470464870099894, 0.848195926857249, 0.8524365317425051, 0.8589028106674017, 0.8452975175513892, 0.840243139161409, 0.8542774945606108, 0.8591851580561278, 0.857752148972623, 0.8743846671505308]
test_auc_roc -----> [0.8604980975441024]
test_auc_pr -----> [0.8468554703972284]
cm -----> [[230  56]
 [ 64 239]]
--------
