--------
epochs_index -----> 15
train_acc -----> [0.7423208191126283, 0.8063139931740616, 0.8088737201365187, 0.8276450511945395, 0.8395904436860069, 0.8284982935153582, 0.856655290102389, 0.8302047781569968, 0.8336177474402728, 0.8498293515358365, 0.8361774744027306, 0.850682593856655, 0.8566552901023889, 0.8412969283276454, 0.8540955631399317, 0.8566552901023886]
test_acc -----> [0.8988095238095237]
val_acc -----> [0.6785714285714284, 0.7797619047619044, 0.8125000000000002, 0.8005952380952377, 0.8214285714285716, 0.8124999999999999, 0.8571428571428569, 0.8184523809523808, 0.8214285714285712, 0.8303571428571429, 0.836309523809524, 0.8541666666666667, 0.8392857142857143, 0.7886904761904763, 0.8779761904761907, 0.8541666666666667]
train_f1_score -----> [0.47861205291484654, 0.6274987730616085, 0.6505119372998488, 0.6973833814042854, 0.7029253934743696, 0.7021615383784416, 0.7408906131841974, 0.7079635862383962, 0.7224118225882639, 0.7464163729346031, 0.6982935068290288, 0.7224118225875621, 0.740240523963126, 0.7121729150823468, 0.731740605324308, 0.7339021524553658]
test_f1_score -----> [0.7063491977248679]
val_f1_score -----> [0.152380950337963, 0.4900793587880291, 0.5574262968748852, 0.5451247098186687, 0.6038548677548455, 0.7348639369142899, 0.7161564537725704, 0.6539682458528435, 0.7213151840641049, 0.5867913759397003, 0.7375850251410229, 0.7249999911494049, 0.644841261840278, 0.5538548682300438, 0.7574262944631792, 0.7077097417757628]
train_loss -----> [0.5424617239537908, 0.4499802941856939, 0.42142522541024185, 0.37573227388053193, 0.37594122340451325, 0.3816499694190132, 0.3479653591029477, 0.36757524153885146, 0.3632830634408035, 0.34020695359837044, 0.35323732517939377, 0.34513365985895583, 0.35458231975448407, 0.35419104745414465, 0.3338832280919615, 0.3270595962429617]
val_loss -----> [2.79706045470777, 0.46373226759689185, 0.4145215380759467, 0.5355613681354694, 0.3893200926305283, 0.7264400011904182, 0.3791896921715567, 0.48297510247322784, 1.1139783269858783, 0.451338344342297, 0.7527635204827503, 0.6033703934489971, 0.37357031159280313, 0.5224235304853035, 0.3160859425330448, 0.31246154591263764]
test_loss -----> [0.2520826320119557]
cm -----> [[101  14]
 [  3  50]]
--------
