--------
epochs_index -----> 29
train_acc -----> [0.7239583134651184, 0.8530344367027283, 0.921875, 0.9581068754196167, 0.9714673757553101, 0.9739583134651184, 0.9821105003356934, 0.9802989363670349, 0.9873188138008118, 0.9855072498321533, 0.9807518124580383, 0.9825633764266968, 0.9932065010070801, 0.9848278760910034, 0.9909420013427734, 0.9879981875419617, 0.9864130616188049, 0.9936594367027283, 0.9900362491607666, 0.99388587474823, 0.9879981875419617, 0.97826087474823, 0.9954710006713867, 0.99660325050354, 0.9936594367027283, 0.983016312122345, 0.989130437374115, 0.98777174949646, 0.992527186870575, 0.9884510636329651]
test_acc -----> [0.852292001247406]
val_acc -----> [0.7296379804611206, 0.7726244330406189, 0.8110859990119934, 0.814479649066925, 0.8042986392974854, 0.7975113391876221, 0.8235294222831726, 0.8212669491767883, 0.7850678563117981, 0.8280543088912964, 0.779411792755127, 0.8178732991218567, 0.7952488660812378, 0.8031674027442932, 0.8246606588363647, 0.8178732991218567, 0.807692289352417, 0.814479649066925, 0.8235294222831726, 0.8235294222831726, 0.8065611124038696, 0.8269230723381042, 0.8291855454444885, 0.8325791954994202, 0.7986425161361694, 0.8042986392974854, 0.8178732991218567, 0.7986425161361694, 0.807692289352417, 0.8054298758506775]
train_f1_score -----> [0.7238869534354923, 0.8530132428032406, 0.9218728756622359, 0.9581055363554207, 0.9714673628898347, 0.9739582201612746, 0.9821104793078967, 0.9802988989467176, 0.9873188329741196, 0.9855072294814934, 0.9807518056027282, 0.9825633784392319, 0.9932065153411745, 0.984827874095883, 0.9909420221230743, 0.9879981827858786, 0.9864130273261171, 0.9936594139847943, 0.9900362248358356, 0.9938858642471882, 0.9879981827858786, 0.9782608601017189, 0.9954710085592737, 0.9966032556908697, 0.9936594139847974, 0.9830162984724629, 0.989130409712293, 0.9877717316177365, 0.9925271685253476, 0.9884510766220641]
test_f1_score -----> [0.8522306792453996]
val_f1_score -----> [0.722373113900479, 0.7713884239326319, 0.8106787164185061, 0.8140990081429986, 0.8016052422674609, 0.7962700881640359, 0.8234390313654402, 0.8212669633072112, 0.7831094991607854, 0.8272043076968207, 0.7752000107304817, 0.8173119947915923, 0.7939194839479458, 0.8008183934681743, 0.8245957600372691, 0.8178730650879065, 0.8069174582561848, 0.8136775549833875, 0.8232978607853363, 0.8231673489646879, 0.8056355906779054, 0.8269051301601802, 0.8289471442141629, 0.8321633775880322, 0.7978883501270273, 0.8039169880743307, 0.8172650828515942, 0.7985177395392504, 0.8068608803486668, 0.8054208953940779]
train_loss -----> [0.5370788106532848, 0.34482853046442935, 0.2063414511579574, 0.11822120059503877, 0.0861517929433963, 0.07544743021115607, 0.05672494492350824, 0.0599975110613397, 0.04574046423489217, 0.051095485244169764, 0.058909888523879815, 0.06166177496463044, 0.02256594969721831, 0.0470110433841468, 0.03501295668332006, 0.050496894685545864, 0.05099512806808526, 0.028366840522076383, 0.04019238293740536, 0.02454481587085817, 0.03901661950155716, 0.07979696840246397, 0.014081859787602862, 0.009817665862633855, 0.025724893421297683, 0.05491373135295314, 0.04187017293024926, 0.0470473860069318, 0.03292333692234897, 0.04350305184493429]
val_loss -----> [0.5279141523548078, 0.5587113775346461, 0.5225645869200514, 0.5917876382803581, 0.7479249287715503, 0.7876993649925506, 0.8901252917670603, 0.987575297394722, 1.2329133783647641, 1.1424111794816165, 1.4389493388400687, 1.0383924464195997, 1.6097237855666284, 1.4283868896884524, 1.1668312518174253, 1.225112291398785, 1.3146574238120121, 1.3832363460348351, 1.1752667996085702, 1.282734559450005, 1.8373354660155035, 1.22874968012748, 1.5169512752233782, 1.5912426413972371, 2.142209057350417, 1.6905275021223545, 1.8723590041679627, 1.6743965898216395, 1.8354294387720547, 1.7766846809433303]
test_loss -----> [1.5217744835811837]
val_auc_roc -----> [0.8469958641305461, 0.8639283593702013, 0.8938827010093977, 0.8974478409532974, 0.8996360639626543, 0.8940567351200835, 0.8946632951823262, 0.894514854323212, 0.88767377817817, 0.8955411437112263, 0.8964036362891833, 0.8914027149321266, 0.8934476157326836, 0.8990576564771402, 0.9029273561147397, 0.8981951638991831, 0.8960299748162406, 0.8926209537069265, 0.9023412706537539, 0.9008670993632398, 0.8864453021027415, 0.9039485268524396, 0.9038000859933252, 0.9071067340963535, 0.88762003234987, 0.8892938310026413, 0.8980083331627116, 0.893739378800598, 0.8951188550602978, 0.8967081959828832]
val_auc_pr -----> [0.8437014668612255, 0.8530476964160418, 0.8720431579127432, 0.8809253364390092, 0.8853333349423355, 0.8748918505200928, 0.8773000484751158, 0.8824065083036532, 0.869460062468467, 0.8731910368826981, 0.8745086386069943, 0.8784470391716035, 0.8856702656702286, 0.8833539073278269, 0.8917334280398695, 0.8810866997063915, 0.878858654258413, 0.8757989238386119, 0.8833113197920126, 0.8815579884791321, 0.8551009305005767, 0.881255321124507, 0.8807458025567554, 0.8858844163416337, 0.8665907619154559, 0.8663157716556351, 0.8796698130569197, 0.8785220506564868, 0.8691989800511623, 0.8786224897476158]
test_auc_roc -----> [0.913691917444944]
test_auc_pr -----> [0.8858529743935387]
cm -----> [[245  38]
 [ 49 257]]
--------
