--------
epochs_index -----> 39
train_acc -----> [0.5861629843711853, 0.6581069827079773, 0.6706281900405884, 0.6653226017951965, 0.6769949197769165, 0.6738115549087524, 0.6784804463386536, 0.6825127601623535, 0.6755093336105347, 0.6888794302940369, 0.6897283792495728, 0.6871816515922546, 0.6842105388641357, 0.6869694590568542, 0.6888794302940369, 0.6954584121704102, 0.691426157951355, 0.6965195536613464, 0.6844227313995361, 0.6884549856185913, 0.6848471760749817, 0.6852716207504272, 0.700127363204956, 0.7058573961257935, 0.698429524898529, 0.6950339674949646, 0.695246160030365, 0.6897283792495728, 0.6933361887931824, 0.7024617791175842, 0.6994906663894653, 0.698429524898529, 0.6975806355476379, 0.6963073015213013, 0.695246160030365, 0.7041596174240112, 0.6988539695739746, 0.6905772686004639, 0.6899405717849731, 0.7005518078804016]
test_acc -----> [0.7130730152130127]
val_acc -----> [0.6706281900405884, 0.6723259687423706, 0.6926994919776917, 0.6876060962677002, 0.6994906663894653, 0.6740237474441528, 0.7096773982048035, 0.7011884450912476, 0.685908317565918, 0.6893039345741272, 0.6876060962677002, 0.6977928876876831, 0.6893039345741272, 0.7011884450912476, 0.6926994919776917, 0.6893039345741272, 0.7113752365112305, 0.7011884450912476, 0.7130730152130127, 0.6893039345741272, 0.706281840801239, 0.6977928876876831, 0.6960950493812561, 0.7028862237930298, 0.7028862237930298, 0.6994906663894653, 0.7130730152130127, 0.7028862237930298, 0.7011884450912476, 0.7113752365112305, 0.6960950493812561, 0.6943972706794739, 0.7079796195030212, 0.7011884450912476, 0.7028862237930298, 0.7130730152130127, 0.7164685726165771, 0.7130730152130127, 0.706281840801239, 0.7147707939147949]
train_f1_score -----> [0.5861629831129621, 0.6580248774013144, 0.6704144214720089, 0.6651806883859078, 0.6768970522453265, 0.6736033647750542, 0.6783207386901366, 0.6824646182024442, 0.6754437139416474, 0.6887159230579352, 0.689594080432075, 0.6871491942999648, 0.6841326176920535, 0.6869134673542472, 0.6886972375532576, 0.6953447722546003, 0.6913280463926796, 0.6963540408395795, 0.6843427753134089, 0.6883031626813185, 0.6847908468278581, 0.6851542142813147, 0.7000472310794322, 0.7057500331608464, 0.698243491683541, 0.6949099385741694, 0.6951398450564649, 0.6895652656826021, 0.6932665166151224, 0.702388393530914, 0.6993905214231866, 0.6982963561771103, 0.6974416316640816, 0.6962343877471963, 0.6951299552413238, 0.7041360814576778, 0.6986745027754423, 0.6904924340190944, 0.6898036429098096, 0.7005109743395697]
test_f1_score -----> [0.7129538529330478]
val_f1_score -----> [0.6704144214516647, 0.6720839953842683, 0.6925718783499584, 0.6869482780201441, 0.6994906571154815, 0.6719348275668293, 0.7096640240329782, 0.7007321135078702, 0.6854695031489066, 0.6882651461809189, 0.6872084918665884, 0.697156486181741, 0.6889452537118776, 0.6967824918324158, 0.6846680519606303, 0.6796981976057084, 0.7095256279990809, 0.7002475140176572, 0.7128047797876758, 0.689271655614111, 0.7054122998090442, 0.6975409029179321, 0.696091567312124, 0.7020066617145833, 0.7028005751036479, 0.6993207823461964, 0.7104556577167056, 0.7028725393330173, 0.701042815207134, 0.7113344353462978, 0.6960915673122392, 0.6942906524179442, 0.7065577519220583, 0.7009393196815874, 0.7026084999587108, 0.7089623102267959, 0.7156292140924272, 0.7125128110543847, 0.7061157928017454, 0.7147633931864571]
train_loss -----> [0.6671159648429767, 0.6271251509367705, 0.613928395185892, 0.6082960551886067, 0.5989915241814635, 0.6008423012768266, 0.5924861748372354, 0.5936690511748021, 0.5936718281541903, 0.5943214592787932, 0.5825391550420298, 0.5915986059173458, 0.5889176471326473, 0.5875491012387442, 0.5843430376012378, 0.5779422549167189, 0.5826167954552549, 0.5823323365636106, 0.5813395191736658, 0.5858376417783404, 0.5868443297712422, 0.5863651528524418, 0.5741010073996149, 0.5694129012638921, 0.5780208917597162, 0.5793186852199314, 0.5757885663335311, 0.5819805563508145, 0.5811121157150725, 0.571353872886943, 0.5747032093171958, 0.5742535844622325, 0.5798172040736532, 0.5797916200195381, 0.5768308279520389, 0.5728586094488718, 0.5749729805466275, 0.5818880124235811, 0.5834273935781067, 0.5760108718999574]
val_loss -----> [0.6393399782277444, 0.6184504708728273, 0.605476084995914, 0.5956780209734632, 0.5902261387657478, 0.5948484842036218, 0.5791700228645996, 0.5793171818997408, 0.58291879215756, 0.5843133608231673, 0.580271272240458, 0.5778682050672738, 0.5759436927131705, 0.5852595052203617, 0.5934241313386607, 0.5986129681806306, 0.5742763168102984, 0.5742012141524133, 0.562774551478592, 0.5654562325090974, 0.5635345634576435, 0.5631501219562578, 0.5601858041576439, 0.5690732630523476, 0.5614713200846232, 0.5615759270416724, 0.5691877285370954, 0.5614585663015782, 0.5578765446269834, 0.5634450763463971, 0.5599042982668491, 0.5603900680670866, 0.5646664343170217, 0.5575052681001456, 0.5552378707640879, 0.5729684286020899, 0.5547253980829906, 0.5580679371550278, 0.5607765252525744, 0.5503458710941107]
test_loss -----> [0.5650246906522157]
val_auc_roc -----> [0.7027672085783465, 0.7278335062838693, 0.739963103885622, 0.7548599100657212, 0.758468811253315, 0.7608670586878817, 0.7714170413928283, 0.7688573734578577, 0.764833390983512, 0.7663784157730889, 0.767542949383143, 0.7719704831084976, 0.7727199354317998, 0.7738614089703678, 0.7769629885852646, 0.773042776432607, 0.781482762596564, 0.7764095468695953, 0.7873976709327799, 0.7817248933471694, 0.7891387063299895, 0.787616741611899, 0.7894154271878242, 0.780445059379684, 0.7877781621123026, 0.7887466851147238, 0.7918943848725931, 0.7880202928629079, 0.7910411622276028, 0.7862561973942119, 0.7894269572235673, 0.7878704023982476, 0.7887005649717513, 0.7915138936930705, 0.7938314308774358, 0.7897497982243746, 0.7954110457742418, 0.7913985933356394, 0.7870402398247435, 0.7978784734232675]
val_auc_pr -----> [0.6704028527438016, 0.7020025618238351, 0.7168002972734213, 0.7303822343284583, 0.7371504560183436, 0.7418215891924476, 0.7543897500481971, 0.7518943862809957, 0.745659214989052, 0.7465502266089361, 0.7487698592325502, 0.7499603338881944, 0.7476584805317451, 0.7521341318160086, 0.7523983435731345, 0.7505347236772164, 0.761478765880232, 0.7546488326176782, 0.7649534227745514, 0.7622895428790533, 0.7637689525501944, 0.7634287205340605, 0.7636996590483625, 0.7613273824118394, 0.7617297723768471, 0.7639717853251329, 0.7655570829040558, 0.7647127093114268, 0.7706938404737604, 0.7614658834098126, 0.7659338486673204, 0.7689356559744888, 0.7658976574967873, 0.7742062914478156, 0.7747456612467574, 0.7679406916245576, 0.7753306588350173, 0.7684653480986142, 0.7673727085055213, 0.778880229459802]
test_auc_roc -----> [0.7834428686728929]
test_auc_pr -----> [0.7726934075612614]
cm -----> [[204  78]
 [ 91 216]]
--------
