--------
epochs_index -----> 39
train_acc -----> [0.6767826676368713, 0.7304753661155701, 0.7364176511764526, 0.7521222233772278, 0.7587012052536011, 0.7631579041481018, 0.7733446359634399, 0.7758913636207581, 0.7884125709533691, 0.7954159379005432, 0.8017826676368713, 0.8039049506187439, 0.8174872398376465, 0.8191850781440735, 0.8153650164604187, 0.8331918716430664, 0.8370118737220764, 0.836799681186676, 0.8444397449493408, 0.8442274928092957, 0.8410441279411316, 0.8482597470283508, 0.8520798087120056, 0.853989839553833, 0.8575976490974426, 0.8597198724746704, 0.8629032373428345, 0.8603565096855164, 0.8643888235092163, 0.8718166351318359, 0.8777589201927185, 0.8781833648681641, 0.8837012052536011, 0.8826400637626648, 0.8881579041481018, 0.8839133977890015, 0.8911290168762207, 0.8877334594726562, 0.892190158367157, 0.8911290168762207]
test_acc -----> [0.8913412690162659]
val_acc -----> [0.6977928876876831, 0.7181664109230042, 0.7096773982048035, 0.7232597470283508, 0.7606111764907837, 0.7657045722007751, 0.7657045722007751, 0.7657045722007751, 0.7674023509025574, 0.7436332702636719, 0.7657045722007751, 0.7860780954360962, 0.7860780954360962, 0.8013582229614258, 0.7894737124443054, 0.784380316734314, 0.7979626655578613, 0.735144317150116, 0.8013582229614258, 0.7792869210243225, 0.804753839969635, 0.8200339674949646, 0.8132427930831909, 0.8013582229614258, 0.8200339674949646, 0.831918478012085, 0.833616316318512, 0.8115450143814087, 0.8353140950202942, 0.8353140950202942, 0.8217317461967468, 0.8488964438438416, 0.8115450143814087, 0.8353140950202942, 0.8302206993103027, 0.8421052694320679, 0.8268251419067383, 0.8285229206085205, 0.833616316318512, 0.8505942225456238]
train_f1_score -----> [0.6765832782154477, 0.7303119336981149, 0.7363171333142553, 0.752061085929674, 0.7584465088717219, 0.7630752545140771, 0.7732582105549257, 0.7758131437873794, 0.788282026099929, 0.7953274220557347, 0.8016860703497183, 0.8038234896364296, 0.817391330694983, 0.8190677085009362, 0.8152243765980811, 0.8330871705485916, 0.8369130413933419, 0.8367304662822108, 0.8443594669498504, 0.8441230053035138, 0.8409621293662544, 0.8481629158772277, 0.8520293479601362, 0.8539158810586924, 0.8575185513731524, 0.8596579082558213, 0.8628284660567684, 0.8602936090409754, 0.8643188252534759, 0.871758874757814, 0.8776847797947036, 0.87814996756133, 0.8836528900865239, 0.882549283434074, 0.888114305454988, 0.8838823999065322, 0.8910884066581299, 0.8876877891188085, 0.892143493903905, 0.891101438374498]
test_f1_score -----> [0.8912280651509316]
val_f1_score -----> [0.697058478576974, 0.7153098016875388, 0.7010604811254588, 0.7210858216870624, 0.7597135573810706, 0.7656228323456813, 0.7648743354517858, 0.7639347069096943, 0.767133877196968, 0.7360241669671177, 0.7620494575687805, 0.7856920041298759, 0.7860725436314114, 0.8011289308866407, 0.7894682174619504, 0.7838194741518527, 0.797505029117336, 0.7199956070784146, 0.8003430272985621, 0.7741297886031591, 0.8040216948096439, 0.8176747450605861, 0.8117182727822239, 0.7979949825264672, 0.8182098715651758, 0.8316836777256231, 0.8328836081947911, 0.8108383313395384, 0.8353140866524655, 0.8353064909865243, 0.8202206313414449, 0.848645132053111, 0.8086862069597147, 0.8352457004267357, 0.8298081318318066, 0.8415131957125205, 0.8250698762236848, 0.8281881276615116, 0.8318123493374501, 0.850469657325651]
train_loss -----> [0.6032771553420453, 0.550694720310449, 0.5247999681428658, 0.5086132283551792, 0.49058998593703157, 0.4869452343276482, 0.4749093652530518, 0.4588698707837199, 0.45018811387299257, 0.4407403770397799, 0.4276681496984688, 0.42879443945828044, 0.4056244857153891, 0.3977017056051456, 0.3963585925400763, 0.3813506064711994, 0.3692718934242459, 0.37806631636083227, 0.3631379626982282, 0.3595483700929809, 0.3491907542561941, 0.3454637703088908, 0.33819206771780763, 0.3232029125818602, 0.33071421359227693, 0.32451092996373615, 0.3186927482103121, 0.318745709378557, 0.31789115761961734, 0.29738588577827346, 0.28790562621480675, 0.29359220532330393, 0.27482326671082646, 0.2758088915993052, 0.26536322839191306, 0.2734024386674306, 0.2638117272283486, 0.2693855943251562, 0.2539822045474114, 0.26043960300443436]
val_loss -----> [0.5589848047978172, 0.5186490662194587, 0.5750867272349629, 0.5236565043797361, 0.5207034112835252, 0.47809416619507034, 0.47004271640970907, 0.5109066413463773, 0.4763100207657429, 0.5508232392572069, 0.4739892973086319, 0.4785975759496561, 0.46700131701859277, 0.441996468633816, 0.46392164530383573, 0.5081063942933405, 0.5405569021665567, 0.7046691387690405, 0.5533981501955435, 0.5112881300014418, 0.5084153118769865, 0.47993257067896233, 0.4466454291061776, 0.5469176078567634, 0.464277631880061, 0.41708365636500166, 0.38574168106188644, 0.47901076229440215, 0.46572484088608546, 0.4594235053739033, 0.45673512158965746, 0.4484730240561671, 0.49225186155102146, 0.46028511686804335, 0.5012429077304096, 0.4515169147603416, 0.6203698331829967, 0.47896859074967957, 0.5179505863579341, 0.4706051875113485]
test_loss -----> [0.35290523368638715]
val_auc_roc -----> [0.7945578231292517, 0.8222299089127176, 0.8287328490718321, 0.82850224835697, 0.8419693301049234, 0.8457973019716362, 0.8543122333679235, 0.859102963219186, 0.8624812636919174, 0.8632191859794764, 0.866597486452208, 0.8701141473538568, 0.8731580767900381, 0.883454398708636, 0.8759944655828433, 0.8765594373342558, 0.8793266459126023, 0.8596333448633692, 0.8788654444828778, 0.8854375648564511, 0.8850340136054421, 0.8957108267035628, 0.8940274414850686, 0.8917329643721895, 0.9042199930819785, 0.9031592297936124, 0.9112648449210193, 0.9090510780583421, 0.9079441946270033, 0.9063645797301971, 0.9108612936700103, 0.9084284561282141, 0.9079211345555172, 0.9088204773434798, 0.9174680041508129, 0.914366424535916, 0.9118009915830739, 0.9122448979591837, 0.9158768592182636, 0.919774011299435]
val_auc_pr -----> [0.7929291942714076, 0.8193936563182738, 0.8249897165065125, 0.808328400888988, 0.8295313745828061, 0.8357761056649238, 0.8494242446563236, 0.8521147533083988, 0.8589575346812384, 0.8528522536974679, 0.8534046628129395, 0.8512133765446724, 0.8655800142665774, 0.873847116899616, 0.8642934679233807, 0.8643633012875294, 0.866997588900661, 0.8424322996377777, 0.8621592323014986, 0.8728565870089046, 0.8732698311625406, 0.8807013604262547, 0.884921432662542, 0.8759089341963434, 0.8968975465689595, 0.8996305313325645, 0.9084002695957961, 0.907965729288406, 0.9024685411956223, 0.8997588490023883, 0.9014647160397155, 0.8983625931646141, 0.9005917436601559, 0.8953892614270416, 0.9105298196933592, 0.8998354013461941, 0.8996541288391253, 0.9058299687675886, 0.9025215422811927, 0.912366607605951]
test_auc_roc -----> [0.942972443214574]
test_auc_pr -----> [0.9293205301653933]
cm -----> [[253  22]
 [ 42 272]]
--------
