--------
epochs_index -----> 39
train_acc -----> [0.6317911744117737, 0.6778438091278076, 0.6799660325050354, 0.6871816515922546, 0.6878183484077454, 0.6954584121704102, 0.6922750473022461, 0.6926994919776917, 0.7071307301521301, 0.7111629843711853, 0.7020373344421387, 0.7005518078804016, 0.7018251419067383, 0.7067062854766846, 0.6916383504867554, 0.7037351727485657, 0.7075551748275757, 0.7039473652839661, 0.7094652056694031, 0.7107385396957397, 0.7052206993103027, 0.7192274928092957, 0.6948217153549194, 0.7098896503448486, 0.7147707939147949, 0.7073429822921753, 0.7058573961257935, 0.7149830460548401, 0.7154074907302856, 0.7077674269676208, 0.7111629843711853, 0.7120118737220764, 0.7109507918357849, 0.7285653352737427, 0.7041596174240112, 0.7168930172920227, 0.7224108576774597, 0.7137096524238586, 0.7139219045639038, 0.7168930172920227]
test_acc -----> [0.6910017132759094]
val_acc -----> [0.6757215857505798, 0.6740237474441528, 0.6791171431541443, 0.6910017132759094, 0.685908317565918, 0.6960950493812561, 0.6977928876876831, 0.6960950493812561, 0.7096773982048035, 0.6926994919776917, 0.6943972706794739, 0.685908317565918, 0.6910017132759094, 0.6977928876876831, 0.7096773982048035, 0.706281840801239, 0.7011884450912476, 0.7011884450912476, 0.6893039345741272, 0.6960950493812561, 0.6994906663894653, 0.6910017132759094, 0.7028862237930298, 0.7164685726165771, 0.6994906663894653, 0.7096773982048035, 0.6994906663894653, 0.6977928876876831, 0.7113752365112305, 0.7045840620994568, 0.7096773982048035, 0.7096773982048035, 0.7079796195030212, 0.7079796195030212, 0.7266553640365601, 0.7147707939147949, 0.7130730152130127, 0.6926994919776917, 0.706281840801239, 0.7028862237930298]
train_f1_score -----> [0.630692556006089, 0.6778182010568379, 0.6799651166390055, 0.6871202749005523, 0.6878065059390488, 0.695425462744031, 0.692267054078457, 0.6926939493476065, 0.7070832313312797, 0.711156101213474, 0.7020158729550395, 0.7005433481487007, 0.701821241149855, 0.7066758385768037, 0.6916266845950816, 0.7037043927085891, 0.7075340974372816, 0.703909903653606, 0.709459419459276, 0.7107019344227592, 0.7051646038206569, 0.7192041153346715, 0.694765417059515, 0.7098786492850157, 0.7147541429776243, 0.7073429359755881, 0.7057593662023016, 0.7149801287364919, 0.7153464267307597, 0.7077083017247593, 0.7111548522892817, 0.7120096874791495, 0.7108940392497874, 0.7285486227409683, 0.7040742869242598, 0.7168705397161488, 0.7224108108618608, 0.7136956298889852, 0.7137423774937948, 0.7168530416546438]
test_f1_score -----> [0.6901433641652366]
val_f1_score -----> [0.6751822554475495, 0.6739476365423885, 0.6789357509827834, 0.6908938819451647, 0.6852950895012743, 0.696095071377057, 0.697058478576974, 0.6960810546325951, 0.7095937047005292, 0.6920995198899287, 0.6937537501294417, 0.6855457483429104, 0.6904440082004566, 0.6975409029179321, 0.7096640240329782, 0.7058714809957245, 0.6992735915195665, 0.6954283650399338, 0.6873972195272124, 0.6958109800737747, 0.6976464908541321, 0.6906798195437205, 0.7023921184458908, 0.7163083084838562, 0.697309392525137, 0.7087067756106137, 0.6989039502785832, 0.6951345705920351, 0.7106738276287518, 0.7013811139143714, 0.7081936575970629, 0.7083322423876613, 0.7068227018544373, 0.7059444975089463, 0.7248278473800294, 0.7137600616427431, 0.7129538529330478, 0.6863195631509285, 0.7061157928017454, 0.7007296253215094]
train_loss -----> [0.6432913607065464, 0.6089742899143438, 0.5947819901646088, 0.5900265212678341, 0.5799522712093054, 0.5822298285410652, 0.5840029757476212, 0.5754015578529426, 0.5692067490115836, 0.5644274817207277, 0.5675352218802806, 0.5696054352210211, 0.5716670852768002, 0.5700544836869262, 0.5705053906236319, 0.56978883413386, 0.5703133268753006, 0.5664457457174876, 0.5685117058519188, 0.5633650180489985, 0.5646586935012168, 0.5534816445539277, 0.5709625522278767, 0.5615526055996205, 0.5563562780062086, 0.5705818578423796, 0.5676804464974505, 0.5595097882840752, 0.5541803266328141, 0.5637574455430422, 0.5515856138969717, 0.5562460527760064, 0.5564257816264504, 0.5449111989378324, 0.5591096462134797, 0.5537991173350346, 0.5558640911340308, 0.5564691652061589, 0.5544589721994607, 0.5596687751988195]
val_loss -----> [0.6201308224652267, 0.6065256156631417, 0.5949937225999057, 0.5907879145564263, 0.592747972220988, 0.5794358499146796, 0.5821832438578475, 0.5792381018400192, 0.5736233676607545, 0.5779829862955456, 0.5755771688512853, 0.5777672235224699, 0.5773942683999603, 0.5664044453485594, 0.5710762763345565, 0.5749557843884907, 0.57627391170811, 0.5875879030775378, 0.575808349493387, 0.5635105705744509, 0.5716462304463259, 0.5658352455577336, 0.5605968478563671, 0.5624327611278841, 0.5728629984565685, 0.5623547982525181, 0.5595903545618054, 0.5789687395901293, 0.5633319922395652, 0.5710758578938405, 0.5602861395156062, 0.5581037369934289, 0.5626064909471049, 0.5662611916258531, 0.5607271742176365, 0.5576681812872757, 0.5556011671150054, 0.5837302638872249, 0.5618928799758085, 0.5632779131064544]
test_loss -----> [0.5807343894565428]
val_auc_roc -----> [0.7362619624120835, 0.738395019024559, 0.750051885160844, 0.7539375072062724, 0.7483800299780929, 0.766805027095584, 0.7635304969445406, 0.7669895076674738, 0.7702409777470309, 0.7649025711979708, 0.7689842038510319, 0.7658826242361351, 0.767208578346593, 0.7790960451977402, 0.7748299319727892, 0.7740574195780007, 0.7696068257811599, 0.7683846419923901, 0.7715323417502594, 0.78169030323994, 0.7745070909719821, 0.7778508013374841, 0.783235328029517, 0.7814597025250779, 0.7750835927591376, 0.7839617202813328, 0.7828433068142511, 0.7695376455667012, 0.7810446212383259, 0.7787386140897037, 0.78687881932434, 0.7865905684307621, 0.7836388792805258, 0.7822668050270956, 0.7865675083592759, 0.7860140666436066, 0.7892424766516777, 0.7762365963334485, 0.7825435258849303, 0.7820823244552059]
val_auc_pr -----> [0.7097206164917182, 0.7060278347716965, 0.7206617211096035, 0.7273955247821822, 0.7155675915217083, 0.7394543456083612, 0.7318652600364759, 0.7411370146310603, 0.7457988322370845, 0.7390770122736755, 0.7415522657031406, 0.7441331316935469, 0.7446758397407407, 0.7621775533685842, 0.7497113076492239, 0.7416227811652992, 0.7455545547697322, 0.7331506176066087, 0.7472286496404622, 0.7591296364951804, 0.7485810331516081, 0.7530910607560021, 0.7567062525497259, 0.7568762888626571, 0.7467876525013287, 0.7581820808012896, 0.7517300755690597, 0.7390404527068382, 0.7541082597279642, 0.7489422238026817, 0.7616086367248226, 0.7591582546346697, 0.7551927868613729, 0.7507424628747041, 0.7561352100514802, 0.759736043306696, 0.7620927276724849, 0.7456569007859903, 0.7506173111525646, 0.7473130318477221]
test_auc_roc -----> [0.7588493024328375]
test_auc_pr -----> [0.724712166853591]
cm -----> [[188  76]
 [106 219]]
--------
