--------
epochs_index -----> 39
train_acc -----> [0.6065365076065063, 0.6591680645942688, 0.6704159379005432, 0.6712648272514343, 0.678056001663208, 0.6808149218559265, 0.6806027293205261, 0.6842105388641357, 0.6827249526977539, 0.6897283792495728, 0.6831493973731995, 0.6918506026268005, 0.6893039345741272, 0.6867572069168091, 0.691426157951355, 0.6856960654258728, 0.6903650164604187, 0.6865450143814087, 0.6937606334686279, 0.6905772686004639, 0.7056451439857483, 0.6924872398376465, 0.7014006972312927, 0.6982173323631287, 0.6992784142494202, 0.700127363204956, 0.6897283792495728, 0.6867572069168091, 0.7011884450912476, 0.7020373344421387, 0.6975806355476379, 0.694609522819519, 0.689091682434082, 0.6867572069168091, 0.695246160030365, 0.7026740312576294, 0.6950339674949646, 0.7022495865821838, 0.6950339674949646, 0.6986417770385742]
test_acc -----> [0.7011884450912476]
val_acc -----> [0.63667231798172, 0.6825127601623535, 0.6587436199188232, 0.6994906663894653, 0.685908317565918, 0.6910017132759094, 0.7079796195030212, 0.685908317565918, 0.6943972706794739, 0.6774193644523621, 0.7011884450912476, 0.6926994919776917, 0.7079796195030212, 0.7130730152130127, 0.6994906663894653, 0.6960950493812561, 0.7113752365112305, 0.7181664109230042, 0.6926994919776917, 0.7198641896247864, 0.7283531427383423, 0.7147707939147949, 0.6977928876876831, 0.7249575257301331, 0.7096773982048035, 0.7300509214401245, 0.7317487001419067, 0.7096773982048035, 0.7079796195030212, 0.7198641896247864, 0.6910017132759094, 0.6977928876876831, 0.7215619683265686, 0.7198641896247864, 0.7249575257301331, 0.7011884450912476, 0.7300509214401245, 0.7198641896247864, 0.7198641896247864, 0.7113752365112305]
train_f1_score -----> [0.606518350166939, 0.6591296952866426, 0.6703831602397038, 0.6711475310929519, 0.6779561002615245, 0.6807274492420097, 0.6803919564766936, 0.6841749601470049, 0.6826848075000014, 0.6896746214467586, 0.6830462617134951, 0.69173813021624, 0.6892535152820884, 0.6867129611639856, 0.6913885565627746, 0.6856121369913921, 0.69030240568387, 0.6864429527600739, 0.6937396260111398, 0.6904378206433663, 0.7055705641287158, 0.6924422560288566, 0.7013402909780926, 0.6981120192202355, 0.6992374561794412, 0.700034257843938, 0.6896200930380338, 0.686719057494316, 0.7009945262322453, 0.702028274270263, 0.6975194845300925, 0.6944635113441642, 0.6890429236488815, 0.6867273548960304, 0.695149294724787, 0.7026576135357498, 0.6949482041987148, 0.7022312105755019, 0.69492016567238, 0.698589577458451]
test_f1_score -----> [0.6962636488961447]
val_f1_score -----> [0.6350723748489325, 0.6824541475538379, 0.6494307112821757, 0.6994594700187693, 0.6838083968029727, 0.6900286794412874, 0.7066936834764355, 0.6838083968029727, 0.6929092755027255, 0.6723869362058036, 0.6985600247990026, 0.6894771898436335, 0.7064148881280445, 0.7113121859566915, 0.6978042473647068, 0.6942300670784922, 0.7105734716932228, 0.716794109240755, 0.6877710855738355, 0.7186932799342103, 0.7280701704196412, 0.7124424556129775, 0.6940670398858022, 0.7243783746142318, 0.7080481710132094, 0.7294394943763696, 0.7317479483938661, 0.7084639448413417, 0.7041514762151796, 0.7192296641649809, 0.6869509809349641, 0.6961735471908527, 0.720070009377634, 0.7181450335079713, 0.7243783746142318, 0.6957144485195532, 0.7293487917384829, 0.7181450335079713, 0.7191355387859759, 0.7071194521732909]
train_loss -----> [0.6598559492006766, 0.6236573531591225, 0.6088759721539825, 0.6063743961282415, 0.6007197657647483, 0.599430558889953, 0.5966384843978494, 0.5945742243619434, 0.5926626043327801, 0.5820953287373977, 0.5934139429915737, 0.5862622715924917, 0.5816500008308633, 0.5837948004033648, 0.5788604500237052, 0.5809912295768539, 0.5822041348154156, 0.5919609276770739, 0.5809396568097572, 0.5853293829792026, 0.5635920041991812, 0.5798483142322511, 0.5786699747290395, 0.5772278927937021, 0.5743433312467081, 0.5738522931553909, 0.5853825489308915, 0.5801957757394058, 0.5750069343477036, 0.5738394168823802, 0.5754984071784991, 0.5743981317469944, 0.578633620753151, 0.5852495290731122, 0.5801779500798587, 0.5727943544274479, 0.5745414856233098, 0.5707848077364814, 0.5781087754942558, 0.5780817141000608]
val_loss -----> [0.6416831209852888, 0.6163971073724129, 0.6164552758674362, 0.5911810462539261, 0.5908088228992513, 0.588371426269815, 0.580538110958563, 0.5834645044964714, 0.5809717834801287, 0.5870689733608352, 0.5850409523055362, 0.5809365341792236, 0.5737502578947996, 0.5755471067654118, 0.5766025028518728, 0.5784518992578662, 0.5750734600666407, 0.5691035212697209, 0.5831759994899905, 0.5674434783490929, 0.5628134990866122, 0.5745612149303025, 0.5781314151512609, 0.564090622437967, 0.5684245563036682, 0.5646045574465315, 0.5609984381778821, 0.5705992080069878, 0.5716460713663619, 0.5646519491801392, 0.5774370065412007, 0.5668940697167368, 0.5661496872434745, 0.5675306908182195, 0.5618495047092438, 0.5796325025526254, 0.5608237522679407, 0.5721829062378085, 0.5628570535698454, 0.5771201991954368]
test_loss -----> [0.5802145696975092]
val_auc_roc -----> [0.7010261731811368, 0.7348322379799377, 0.7475959875475616, 0.7630462354433298, 0.7641415888389254, 0.7628156347284677, 0.7736308082555057, 0.7704369883546639, 0.7737230485414506, 0.7740112994350283, 0.7744263807217802, 0.7794995964487489, 0.7810907413812983, 0.7814597025250778, 0.7803643491294823, 0.777954571659172, 0.7811368615242706, 0.7878473423267612, 0.7837426496022137, 0.7851723740343596, 0.7860832468580653, 0.7853337945347629, 0.7862100772512395, 0.788458434221146, 0.7857142857142857, 0.7861870171797534, 0.7870171797532572, 0.7827741265997924, 0.7882970137207426, 0.7858757062146892, 0.7849763634267265, 0.786071716822322, 0.7876282716476422, 0.7881701833275683, 0.7896690879741726, 0.7890695261155309, 0.7901187593681539, 0.7859102963219186, 0.7875936815404128, 0.787628271647642]
val_auc_pr -----> [0.6717379250366171, 0.6998052693928472, 0.7158486223880054, 0.7307529001739543, 0.7325163443740015, 0.7312170290783726, 0.7425231769459013, 0.7410506216963624, 0.7397593967345991, 0.7411084347267808, 0.7369273867645225, 0.7518921329786785, 0.7501581530533387, 0.7504724412398494, 0.7491849216017508, 0.7467393931032557, 0.7460010797000347, 0.7582115901158686, 0.7544030472609767, 0.7568000360251633, 0.7669613367072967, 0.7639327302117008, 0.7595986245551504, 0.7571544230402726, 0.7613160717716074, 0.7574703579090394, 0.7648593511732682, 0.7544606846536694, 0.7678291299266093, 0.7615400934903629, 0.7581995969966449, 0.7678066134919975, 0.7624063354429621, 0.7670568496384623, 0.7645612355609965, 0.765727742815645, 0.7705887613402055, 0.7584523627118547, 0.7652825806652908, 0.7643652171711284]
test_auc_roc -----> [0.7793612360198318]
test_auc_pr -----> [0.7523281899614164]
cm -----> [[169  51]
 [125 244]]
--------
