--------
epochs_index -----> 29
train_acc -----> [0.6614583134651184, 0.72486412525177, 0.735733687877655, 0.7427536249160767, 0.7495471239089966, 0.7565670013427734, 0.7606431245803833, 0.766983687877655, 0.7629076242446899, 0.7694746255874634, 0.7676630616188049, 0.7749094367027283, 0.7758151888847351, 0.779891312122345, 0.7735507488250732, 0.7762681245803833, 0.7821558117866516, 0.7810235619544983, 0.7823822498321533, 0.779891312122345, 0.7869112491607666, 0.7855525612831116, 0.7905344367027283, 0.7918931245803833, 0.79347825050354, 0.7905344367027283, 0.7844203114509583, 0.7948369383811951, 0.7925724387168884, 0.7875905632972717]
test_acc -----> [0.7606111764907837]
val_acc -----> [0.7160633206367493, 0.7296379804611206, 0.7432126402854919, 0.7432126402854919, 0.7522624731063843, 0.7488687634468079, 0.7579185366630554, 0.7714931964874268, 0.766968309879303, 0.7590497732162476, 0.7692307829856873, 0.7692307829856873, 0.7839366793632507, 0.7839366793632507, 0.7590497732162476, 0.7850678563117981, 0.7748869061470032, 0.7714931964874268, 0.779411792755127, 0.7850678563117981, 0.7692307829856873, 0.7726244330406189, 0.7760180830955505, 0.7760180830955505, 0.7884615659713745, 0.7861990928649902, 0.7703620195388794, 0.7805429697036743, 0.7884615659713745, 0.7828054428100586]
train_f1_score -----> [0.6611691909971588, 0.724796937186257, 0.7356490893857566, 0.7426733366168249, 0.7495265458915636, 0.7564850950226486, 0.7606224764867775, 0.7669636028048998, 0.7628497056735637, 0.7694473934767625, 0.7676282918502582, 0.7748757523772294, 0.775773819028669, 0.7798450580227286, 0.7734836279593928, 0.7762458973761652, 0.7821010409680074, 0.78096369027321, 0.7823616059075693, 0.7798327719056478, 0.7868910208729882, 0.7855374756753684, 0.7904639182749893, 0.7918422911878289, 0.7934577510392267, 0.7904917746155931, 0.7843346426970916, 0.7948146874879194, 0.7925536938696218, 0.7875539270216605]
test_f1_score -----> [0.7606001592844158]
val_f1_score -----> [0.7155650537616851, 0.729621050336522, 0.7431965622013504, 0.7428543186609609, 0.7521707856096256, 0.7484967270166223, 0.7578578144040174, 0.7714510926243573, 0.7667665617535453, 0.7587135233681295, 0.7689279733396173, 0.7690605420613799, 0.7838567119217196, 0.7839341581437387, 0.7578197399046365, 0.785050264245706, 0.7748035901182642, 0.7707598325247975, 0.7793775986998553, 0.7850579663678949, 0.7690877471714327, 0.7725403096674004, 0.7759251907260805, 0.775903387315386, 0.7884482684174451, 0.7861659801238028, 0.7699141545056389, 0.7805384880209361, 0.7884547657810226, 0.7827876355011578]
train_loss -----> [0.6133285916909788, 0.5447315940012535, 0.5260323249343514, 0.5095451471220324, 0.5052481113892534, 0.501018079132706, 0.4938539850215119, 0.4852682418473389, 0.482575038474971, 0.4834660213251694, 0.482243044571816, 0.479618673793216, 0.4730569222618054, 0.4719766130050023, 0.47085789761141617, 0.4740267429446826, 0.46179620250789566, 0.46515603819727, 0.4689781892018908, 0.4639729019929318, 0.4610013031684187, 0.4576089011937161, 0.4581474594609897, 0.45170807160869014, 0.4523549182610451, 0.4569687391293867, 0.45589928615136455, 0.4453856297971112, 0.45296566906398644, 0.4540784984584085]
val_loss -----> [0.5567548241432724, 0.5287665488483672, 0.5128455873545226, 0.5080768108904902, 0.49452946328365055, 0.4946879682777165, 0.4872266220616865, 0.4795510399717468, 0.47982510024899827, 0.477689628128533, 0.47617645722788726, 0.473583299834449, 0.4683889934608527, 0.4659602754824869, 0.4761243028952194, 0.46159684389561156, 0.46298963113411057, 0.46931839163775924, 0.4602034939033491, 0.4594367029699118, 0.4618479965237884, 0.4590126456575353, 0.4570795196939159, 0.4572127776908445, 0.4528662446919862, 0.45199199893453096, 0.4597333554212038, 0.4531267395427635, 0.4511299131287111, 0.4509991461763511]
test_loss -----> [0.5193833622175296]
val_auc_roc -----> [0.7918577629450665, 0.8119126348764358, 0.8252876681476627, 0.8317576421449191, 0.8405668393358039, 0.8410223992137753, 0.8447692512438321, 0.8488488155443172, 0.8505686820499171, 0.8526212608259454, 0.8541773305214881, 0.8555081796032021, 0.8580777420609734, 0.8588557769087447, 0.8575658770295449, 0.8623364591224586, 0.8610056100407445, 0.8619679162998302, 0.8626691713928871, 0.8634932740934871, 0.8623876456256014, 0.8631963923752586, 0.8651312421940582, 0.8654793104154297, 0.867224770172601, 0.8676137875964867, 0.8660474806003153, 0.8679618558178579, 0.8694565017096292, 0.8690009418316578]
val_auc_pr -----> [0.769824215059889, 0.7883244509176706, 0.8006792359632063, 0.8071234698828718, 0.8159089017847959, 0.817075042984444, 0.8208596939214616, 0.8248191864875425, 0.8273323731560471, 0.8294059987988838, 0.833395215094501, 0.8346246932213676, 0.835519621263129, 0.8350954329809924, 0.8349843023067078, 0.8392942473709009, 0.838262866405378, 0.8389465097541039, 0.8401037824534834, 0.8405294488331285, 0.839666130959893, 0.8419141385720867, 0.8443391053660779, 0.8433744744585078, 0.845676450629052, 0.8472875155041346, 0.8450972914181749, 0.8451654002753402, 0.8476778491558233, 0.847259005055948]
test_auc_roc -----> [0.82487028709789]
test_auc_pr -----> [0.805082196351103]
cm -----> [[222  69]
 [ 72 226]]
--------
