--------
epochs_index -----> 39
train_acc -----> [0.6634125709533691, 0.7177419066429138, 0.7415110468864441, 0.7468166351318359, 0.7461799383163452, 0.7544566988945007, 0.75785231590271, 0.7576400637626648, 0.7682512998580933, 0.764855682849884, 0.7688879370689392, 0.7637945413589478, 0.7650679349899292, 0.7775891423225403, 0.7767402529716492, 0.7735568881034851, 0.7720713019371033, 0.7752546668052673, 0.7714346647262573, 0.7862903475761414, 0.7758913636207581, 0.7869269847869873, 0.7805602550506592, 0.7784380316734314, 0.7761035561561584, 0.7854413986206055, 0.7879881262779236, 0.7826825380325317, 0.7852292060852051, 0.7828947305679321, 0.7848047614097595, 0.7873514294624329, 0.7869269847869873, 0.7867147922515869, 0.7901103496551514, 0.7873514294624329, 0.7952037453651428, 0.7818335890769958, 0.7918081283569336, 0.7884125709533691]
test_acc -----> [0.7572156190872192]
val_acc -----> [0.6774193644523621, 0.6943972706794739, 0.7198641896247864, 0.7113752365112305, 0.7147707939147949, 0.7164685726165771, 0.7538200616836548, 0.7538200616836548, 0.7606111764907837, 0.7504244446754456, 0.7589133977890015, 0.7538200616836548, 0.7572156190872192, 0.7589133977890015, 0.7606111764907837, 0.7640067934989929, 0.7623090147972107, 0.7674023509025574, 0.7538200616836548, 0.7606111764907837, 0.7589133977890015, 0.7623090147972107, 0.7657045722007751, 0.7623090147972107, 0.7674023509025574, 0.7657045722007751, 0.7691001892089844, 0.7674023509025574, 0.7691001892089844, 0.7691001892089844, 0.7707979679107666, 0.7657045722007751, 0.7640067934989929, 0.7691001892089844, 0.7674023509025574, 0.755517840385437, 0.7572156190872192, 0.7606111764907837, 0.7589133977890015, 0.7623090147972107]
train_f1_score -----> [0.6631867720328747, 0.7177254539361494, 0.7414819221156302, 0.7466657369138952, 0.7460364792451015, 0.754283782059048, 0.757784202860051, 0.757461088563431, 0.768133930431372, 0.7646297146957206, 0.7687501986413247, 0.763648842155823, 0.7649229723598284, 0.7774248864662208, 0.7766001332664281, 0.7734486203916147, 0.7719378111675874, 0.7750297133479477, 0.7712578316070413, 0.7861398165802533, 0.7757410016495867, 0.7867696429313563, 0.7804081947631942, 0.778346021407676, 0.7759028989419166, 0.7852854449398301, 0.7877524800331961, 0.7825461371908664, 0.7851362565980325, 0.7827698019073437, 0.7847038639567814, 0.7872631352877397, 0.7868309805590095, 0.7866351874319515, 0.7899672360285248, 0.787270343301387, 0.7951095945648727, 0.7816775019155531, 0.7916925491021123, 0.7882587423689438]
test_f1_score -----> [0.7572156146686998]
val_f1_score -----> [0.6756908653164686, 0.6933143521183105, 0.7198641715460293, 0.7088363874199051, 0.7095456097260642, 0.7116680541019125, 0.7534106115637831, 0.7536808659841207, 0.7605863564487961, 0.7501363503532885, 0.7589071529855416, 0.7534106115651735, 0.7571456118786979, 0.7589071529855416, 0.760511793625307, 0.7639959016347422, 0.7622918634308855, 0.7673916439846075, 0.7537944801791391, 0.760511793625307, 0.7584782910067707, 0.7622754164557557, 0.7656228323463161, 0.7617313865712341, 0.7671849388754889, 0.7655092382097058, 0.7689876287899237, 0.7674023718839735, 0.7690462410825206, 0.7690835243316164, 0.7707556666201953, 0.7657039036561744, 0.763392968245096, 0.7689503145650507, 0.7670155430636489, 0.7549237120453453, 0.7569886590465238, 0.7604344201429214, 0.7589071529855416, 0.7622754164557557]
train_loss -----> [0.6126451012638919, 0.5515191113554142, 0.5295772722753075, 0.5218090798788045, 0.5142910238134035, 0.5065246646645117, 0.5057959600852996, 0.496340594237041, 0.4907170375255651, 0.49236090420563466, 0.48597272157871474, 0.4872594002147282, 0.4800774370824545, 0.47594215762635417, 0.48058497397219585, 0.47468200252598525, 0.47993896242566364, 0.46862853768776574, 0.4719474143609531, 0.4682063949381352, 0.46791413666740544, 0.46046855505587514, 0.46580089593277724, 0.46619742086666327, 0.46103007370425797, 0.46086598021976005, 0.45693378610906465, 0.4569879183340151, 0.45730199939326227, 0.4588703565514555, 0.457586952173649, 0.4555800566244205, 0.4534880163081633, 0.4555488902765545, 0.4495684251897602, 0.45248859339031633, 0.44916668092809847, 0.45635599765692586, 0.44727959230871045, 0.4512451065922429]
val_loss -----> [0.5845630243420603, 0.5587910266744125, 0.5451014758767306, 0.5468384486597938, 0.5480646861566076, 0.5427051434243049, 0.5179340176888414, 0.5162118181988999, 0.5141686037988276, 0.5135646579233376, 0.5087647166203807, 0.5105366537699829, 0.5046172309163456, 0.5025202791030345, 0.5043328364153167, 0.5018053607562103, 0.49871702240528293, 0.49853355940934746, 0.5020711746167493, 0.5006212926394231, 0.49914079602505723, 0.49663500447531017, 0.4958188151185579, 0.49377009272575373, 0.49043010336321746, 0.4908569110809146, 0.4920038159030515, 0.489529633844221, 0.48865772179655126, 0.4896868603253688, 0.4908976506542514, 0.4911897836907491, 0.4936963396297918, 0.49200235709950724, 0.4918768800593711, 0.48910702120613414, 0.48642445013329805, 0.48815736637727625, 0.4880068622328138, 0.4851149664940061]
test_loss -----> [0.4823193531986829]
val_auc_roc -----> [0.7598985356854606, 0.7881932433990545, 0.7984665052461661, 0.809454629309351, 0.8179637956877667, 0.8210192551596911, 0.8233598524155424, 0.8248472270264038, 0.8266689726738153, 0.8306814251124179, 0.8315461777931512, 0.8341980860140668, 0.8344286867289288, 0.8361812521618817, 0.8374495560936238, 0.8385218494177332, 0.8411391675314194, 0.8397209731350168, 0.8368499942349821, 0.8386140897036782, 0.8376916868442292, 0.8403551251008878, 0.842234520927015, 0.8430300933932895, 0.8451170298627926, 0.8451285598985359, 0.8450132595411046, 0.8461893231869019, 0.8463968638302778, 0.8463161535800761, 0.8451285598985356, 0.8445405280756371, 0.8429378531073447, 0.8439179061455091, 0.8477343479764788, 0.8452092701487374, 0.8467312348668282, 0.8455551712210309, 0.8460163726507552, 0.8482993197278912]
val_auc_pr -----> [0.7531573616289355, 0.7824700244908682, 0.7926586492026602, 0.8006958397435593, 0.8073937560900597, 0.8099249937001294, 0.8118605848627496, 0.8146925544327697, 0.816104359049225, 0.818510850809684, 0.819298227939256, 0.8216315189671572, 0.822673181025213, 0.8239402996568675, 0.8250058659690884, 0.8267519982603185, 0.8292060935673441, 0.8267230685952419, 0.8231847840567779, 0.8276462296666378, 0.8266782258771449, 0.8303362786165962, 0.8318622595876779, 0.833607770322481, 0.8347923486065812, 0.8367179698714386, 0.8364284200317021, 0.8371307672513171, 0.8366663353803704, 0.8359794651612377, 0.8355098476140693, 0.8362929964670883, 0.8340556750815197, 0.8364768865340874, 0.8389954065640801, 0.8366460164868464, 0.8384470937472002, 0.8365419531949344, 0.8368250247151896, 0.8386159166519345]
test_auc_roc -----> [0.8487489911218724]
test_auc_pr -----> [0.8388978585680458]
cm -----> [[223  71]
 [ 72 223]]
--------
