--------
epochs_index -----> 39
train_acc -----> [0.676570475101471, 0.6931239366531372, 0.7081918716430664, 0.7077674269676208, 0.743845522403717, 0.7393888235092163, 0.7436332702636719, 0.7538200616836548, 0.7531833648681641, 0.7652801275253296, 0.7580645084381104, 0.7567911744117737, 0.7644312381744385, 0.7678267955780029, 0.7739813327789307, 0.7775891423225403, 0.7805602550506592, 0.7837436199188232, 0.7814091444015503, 0.7841680645942688, 0.7877758741378784, 0.7949914932250977, 0.7971137762069702, 0.7958403825759888, 0.8045415878295898, 0.8075127601623535, 0.8075127601623535, 0.8064516186714172, 0.8132427930831909, 0.8096349835395813, 0.8094227313995361, 0.8121816515922546, 0.8174872398376465, 0.8240662217140198, 0.8293718099594116, 0.8204584121704102, 0.8393463492393494, 0.8268251419067383, 0.8310695886611938, 0.8259762525558472]
test_acc -----> [0.8132427930831909]
val_acc -----> [0.5840407609939575, 0.7317487001419067, 0.7521222233772278, 0.7334465384483337, 0.7521222233772278, 0.7368420958518982, 0.7266553640365601, 0.7589133977890015, 0.7436332702636719, 0.7436332702636719, 0.7606111764907837, 0.7724957466125488, 0.7724957466125488, 0.7470288872718811, 0.7470288872718811, 0.7419354915618896, 0.7707979679107666, 0.7606111764907837, 0.7674023509025574, 0.774193525314331, 0.7775891423225403, 0.7911714911460876, 0.7521222233772278, 0.7894737124443054, 0.7775891423225403, 0.784380316734314, 0.7809846997261047, 0.7860780954360962, 0.7962648272514343, 0.7894737124443054, 0.7894737124443054, 0.8013582229614258, 0.803056001663208, 0.8132427930831909, 0.774193525314331, 0.7707979679107666, 0.8268251419067383, 0.823429524898529, 0.8200339674949646, 0.8217317461967468]
train_f1_score -----> [0.676462680218372, 0.6930971732877773, 0.707937693004969, 0.707568135441458, 0.7436764717455733, 0.7392414687901588, 0.7434067600047773, 0.7537220188800855, 0.753003929995168, 0.7651474461496277, 0.7578745005340535, 0.7566633330312937, 0.7642517922114643, 0.7676275086483244, 0.7739356134900942, 0.7774447881328366, 0.7803663816017969, 0.7836102153519089, 0.7812719934927723, 0.7840525210094837, 0.7874992892230425, 0.7948255770564356, 0.7968968031325354, 0.795654822754954, 0.8044168483260747, 0.8073683519546156, 0.8074377171699177, 0.8062854542753942, 0.8131409462853114, 0.8094179665892713, 0.8091916056990105, 0.8120133314821205, 0.8173166480593739, 0.8238449414978635, 0.829169889531351, 0.8203379605543218, 0.8391632107115756, 0.8266541104081075, 0.830952535629901, 0.8258556273072079]
test_f1_score -----> [0.8125809910108348]
val_f1_score -----> [0.5076544587647618, 0.7305674530158988, 0.7517436842121537, 0.7311870417196543, 0.7518067370721326, 0.7344415791526475, 0.7182044246299978, 0.7587124046804303, 0.743206912941317, 0.7429664623418253, 0.760387418990553, 0.7720166793667835, 0.7719428983600672, 0.7453375726657347, 0.7422743335097836, 0.7334651153023842, 0.7704777441813482, 0.7599025093204195, 0.7671849388765296, 0.7735250617001246, 0.7774634025757126, 0.7902986255820729, 0.7404315126625955, 0.7878833593222188, 0.7750971306573616, 0.7840790627467427, 0.780415056499274, 0.7839098482726301, 0.7949592653513842, 0.7874834094379622, 0.7878833593222188, 0.8011289308866407, 0.8021887616411234, 0.8132163975652134, 0.769037990001355, 0.7634221400069259, 0.826644731818697, 0.822730003788396, 0.8183325912148693, 0.8205398987236723]
train_loss -----> [0.6203804230017052, 0.582307935975403, 0.5611428552147487, 0.5508048760820118, 0.5276285957146576, 0.5224704157643283, 0.5155972924418686, 0.5099171381348871, 0.5026278944341362, 0.49567688062964116, 0.4952997162761022, 0.4847218319773677, 0.48424040786732236, 0.47916444929882723, 0.4796433776161668, 0.4657196543718639, 0.464942554830999, 0.4578967882804128, 0.4530389173769079, 0.4591049068245296, 0.44686170399239583, 0.43240899788705933, 0.4392769989290341, 0.43493269671051876, 0.4258393462943402, 0.42024906987169386, 0.42310438141960427, 0.4100034351449571, 0.41107963856012414, 0.4062005830817999, 0.3966308151939428, 0.4024895648985897, 0.38844541602582994, 0.39572739214691716, 0.37757746385116325, 0.3952330072838909, 0.3641477988397221, 0.37639863116758354, 0.37418876647797394, 0.37500341949076815]
val_loss -----> [0.7650172751698944, 0.5454414110328701, 0.5302004131513671, 0.5628159603959808, 0.5190437881124985, 0.5347290472001641, 0.518010988428786, 0.4954025572216188, 0.5252369332152446, 0.5911569836977366, 0.5027628188600411, 0.48393591513504836, 0.4792925689268755, 0.48242522554623113, 0.5266172934222864, 0.6227267696648032, 0.50718461077761, 0.4927812935532752, 0.5001211766455625, 0.4993891532759411, 0.47662912077597686, 0.4675566189595171, 0.569549364012641, 0.4803054336760495, 0.4930159413331266, 0.4931801184005029, 0.4654448729109121, 0.50309519298576, 0.4648257885631677, 0.4756093997810337, 0.47917289286851883, 0.449705802004885, 0.46033355825253414, 0.47456840858668886, 0.5374663306047787, 0.5224831110319578, 0.4940202172744918, 0.4541120202960196, 0.46094284382824974, 0.47670545962613964]
test_loss -----> [0.49886695665898867]
val_auc_roc -----> [0.7771705292286406, 0.801452784503632, 0.8171797532572352, 0.8134094315692378, 0.8205465236942234, 0.8298743226104001, 0.83298743226104, 0.8397440332065029, 0.8294477112879048, 0.8189784388331605, 0.8409085668165571, 0.8448287789692148, 0.8471578461893232, 0.8482070794419463, 0.840897036780814, 0.8290556900726392, 0.8420846304623544, 0.8428110227141705, 0.8499135247319267, 0.861604980975441, 0.867116338060648, 0.8611553095814597, 0.854952150351666, 0.8622621930127985, 0.8679810907413812, 0.8604058572581575, 0.8726392251815981, 0.8692839847803528, 0.8727429955032862, 0.8649602213766863, 0.8708290095699297, 0.875544794188862, 0.8683385218494177, 0.8771244090856682, 0.8611437795457166, 0.8671393981321343, 0.8876398016833852, 0.8896806180099158, 0.8944425227718206, 0.8884007840424306]
val_auc_pr -----> [0.771495244857902, 0.792836875340988, 0.794318647189227, 0.7897261517106995, 0.7959193652845802, 0.8095714905036292, 0.8204481217353035, 0.8228253611831687, 0.8102975326217663, 0.8033246495348996, 0.8221541607162886, 0.824477776366435, 0.8243465653784767, 0.8250404035386008, 0.8181476972234427, 0.8008344994341394, 0.8218877157963866, 0.8237196909771742, 0.8351874350176234, 0.8424199676259931, 0.8464623559612925, 0.8387379089351937, 0.8243760278116693, 0.8364381700314837, 0.8466911586411044, 0.8387501356279735, 0.844708080132716, 0.8448459451382233, 0.8483492197863718, 0.8400165713654997, 0.8465592128935333, 0.8486785565873505, 0.8379197665132981, 0.8560828400821305, 0.82725642110028, 0.8366996378039006, 0.8554097747047489, 0.8537380709880276, 0.8610603750582073, 0.8575308523075427]
test_auc_roc -----> [0.8804450593796841]
test_auc_pr -----> [0.854336821579347]
cm -----> [[222  37]
 [ 73 257]]
--------
