--------
epochs_index -----> 29
train_acc -----> [0.7370923757553101, 0.8466938138008118, 0.9236866235733032, 0.9547101259231567, 0.976222813129425, 0.970108687877655, 0.9807518124580383, 0.9832427501678467, 0.9886775612831116, 0.985733687877655, 0.9884510636329651, 0.9882246255874634, 0.9855072498321533, 0.9834691882133484, 0.9909420013427734, 0.99048912525177, 0.9893568754196167, 0.9889039993286133, 0.9902626872062683, 0.9866394996643066, 0.991847813129425, 0.9920742511749268, 0.992527186870575, 0.9923007488250732, 0.9923007488250732, 0.9909420013427734, 0.9916213750839233, 0.9920742511749268, 0.9934329986572266, 0.9954710006713867]
test_acc -----> [0.7894737124443054]
val_acc -----> [0.7816742062568665, 0.7070135474205017, 0.8099547624588013, 0.7873303294181824, 0.7929864525794983, 0.7963801026344299, 0.7828054428100586, 0.7680995464324951, 0.7748869061470032, 0.8133484125137329, 0.7884615659713745, 0.8031674027442932, 0.8009049892425537, 0.8110859990119934, 0.7635746598243713, 0.7760180830955505, 0.7714931964874268, 0.7782805562019348, 0.7782805562019348, 0.7861990928649902, 0.7884615659713745, 0.7963801026344299, 0.790723979473114, 0.7975113391876221, 0.7861990928649902, 0.7986425161361694, 0.7782805562019348, 0.7918552160263062, 0.7624434232711792, 0.8020362257957458]
train_f1_score -----> [0.7369261731228416, 0.8466606138434603, 0.9236865539790409, 0.9547093874431812, 0.9762225467422938, 0.9701086906477815, 0.9807517977064611, 0.9832427486187354, 0.9886775312274074, 0.9857336548009111, 0.9884510671465355, 0.9882246230153644, 0.9855072383996372, 0.9834691767018939, 0.9909420221230754, 0.9904891234794555, 0.9893568741415532, 0.9889039753818117, 0.9902626716610319, 0.9866394815830982, 0.9918478143938592, 0.9920742699514007, 0.9925271685253476, 0.9923007180539338, 0.9923007196331871, 0.9909420239810194, 0.9916213610658489, 0.9920742699514027, 0.9934329656732435, 0.9954710085592737]
test_f1_score -----> [0.7894682174621235]
val_f1_score -----> [0.7813695300926564, 0.6926661921049726, 0.8098145631648515, 0.7864734249541534, 0.7926975334549199, 0.7963133590389186, 0.782520445201047, 0.7661360521688421, 0.7742487248602756, 0.8131990098812678, 0.7854343817820346, 0.801701727692814, 0.7994224372638234, 0.8109986571185257, 0.760447577237995, 0.7736721460245105, 0.7670564490106172, 0.7767998795927182, 0.7780885730753, 0.7861966276393795, 0.7866704471509158, 0.7951680622389374, 0.7878437565254739, 0.7974799491637152, 0.7831395623887875, 0.7986167586600744, 0.7781669894130077, 0.7914281560887753, 0.7598422702497553, 0.8017924472138457]
train_loss -----> [0.5477170392978881, 0.35705357489253703, 0.1916001467692221, 0.11795044544488265, 0.0797096460890092, 0.08543763861956963, 0.059759940619791, 0.05878940627927845, 0.041475880657252225, 0.05116902396084023, 0.045954505612047065, 0.03420597584249031, 0.049162425301083126, 0.06509632509431448, 0.031584768065220425, 0.039183567913670274, 0.039421536486751944, 0.04608301978228253, 0.0356101312940106, 0.04892426742181975, 0.030056635243145554, 0.0346439475029765, 0.029652489500668074, 0.029816620214487503, 0.031039439069621016, 0.029699027616778072, 0.032859995436751256, 0.03842194047114534, 0.03461151255829838, 0.017993940625022006]
val_loss -----> [0.48951595290018657, 0.6536204326260195, 0.569872811856168, 0.6975865155240303, 0.9212447376523233, 0.9139471231280147, 0.8767496975147177, 1.064763234032586, 1.3165406188319289, 0.9439404974775473, 1.1803062577267291, 1.3148127925502715, 1.650689002097628, 1.1609252178642968, 1.7176379265245587, 1.8888312838426244, 2.619970474020872, 1.833263809410752, 1.9892345373046805, 1.9685607588647944, 2.1694258274874954, 2.0455002226932897, 2.276546439435568, 1.7964936141242323, 2.4381146363499475, 2.3825322674431497, 2.3368350394708965, 2.367284058567118, 2.36069425998966, 2.7227898768151038]
test_loss -----> [2.832957433465054]
val_auc_roc -----> [0.8527261931573883, 0.8722794373579575, 0.8812524313588993, 0.8687398906656293, 0.8628329682029442, 0.8730011670522718, 0.8687066194385864, 0.8762003234986998, 0.8731905571139001, 0.8867345058454986, 0.8788159538092996, 0.8812575500092136, 0.8768836633156569, 0.8887205421674413, 0.8870851333920273, 0.8831591286009705, 0.8446105730840893, 0.8773264265678427, 0.8666540406625581, 0.8679695337933293, 0.8663878708462154, 0.8686170430580865, 0.8594879302225589, 0.8745265248459287, 0.8681998730574724, 0.8717163858233861, 0.8715193177862861, 0.8683355172908008, 0.8725788784013431, 0.8709357916504576]
val_auc_pr -----> [0.8497872241862479, 0.8557223427098095, 0.8658846052612637, 0.8391081365115549, 0.8299665428206255, 0.8525166049078587, 0.8569409858803688, 0.8601921718018534, 0.8542117132111409, 0.8716088085746994, 0.8667171177216908, 0.8521405967740863, 0.8393571345115697, 0.8742694068182814, 0.8768902808105353, 0.867388338157673, 0.7875440129351947, 0.853523954983033, 0.823681234861362, 0.8357511629625415, 0.8213759503598848, 0.8355473444112035, 0.8155543333392345, 0.8480436525130839, 0.826035374315458, 0.8311087071757702, 0.8312158528473248, 0.8273073541439672, 0.8463265041581551, 0.8272398978074404]
test_auc_roc -----> [0.8754871440101464]
test_auc_pr -----> [0.8682682970527508]
cm -----> [[234  64]
 [ 60 231]]
--------
