--------
epochs_index -----> 29
train_acc -----> [0.6209239363670349, 0.6693840622901917, 0.6770833134651184, 0.6875, 0.6829710006713867, 0.6995018124580383, 0.7001811861991882, 0.7094655632972717, 0.6981431245803833, 0.69701087474823, 0.6940670013427734, 0.7019927501678467, 0.71263587474823, 0.7015398740768433, 0.7083333134651184, 0.7085598111152649, 0.7085598111152649, 0.7087862491607666, 0.7081068754196167, 0.71875, 0.7180706262588501, 0.7151268124580383, 0.7096920013427734, 0.7144474387168884, 0.7169383764266968, 0.7142210006713867, 0.7058423757553101, 0.7198822498321533, 0.7124094367027283, 0.7101449370384216]
test_acc -----> [0.706281840801239]
val_acc -----> [0.6662895679473877, 0.6809954643249512, 0.6821267008781433, 0.679864227771759, 0.6821267008781433, 0.6776018142700195, 0.6911764740943909, 0.6877828240394592, 0.685520350933075, 0.692307710647583, 0.679864227771759, 0.6776018142700195, 0.6866515874862671, 0.6934388875961304, 0.6979637742042542, 0.6957013607025146, 0.6979637742042542, 0.7036198973655701, 0.7002262473106384, 0.7081447839736938, 0.7126696705818176, 0.6990950107574463, 0.6934388875961304, 0.6945701241493225, 0.7002262473106384, 0.7013574838638306, 0.6945701241493225, 0.6968325972557068, 0.6900452375411987, 0.7024886608123779]
train_f1_score -----> [0.6192130762667667, 0.6691397386284326, 0.6770753136082481, 0.6874422951625709, 0.682795076024854, 0.6993904329274856, 0.7001329322545304, 0.709029276558371, 0.6980928112820877, 0.6969929026531123, 0.693772291857796, 0.701857659236508, 0.712584560001262, 0.7012481001770363, 0.7082277573871174, 0.7084517610984808, 0.7081621663614689, 0.7086953447532306, 0.7080841108491764, 0.7185351695848847, 0.7178517554018727, 0.715013636600637, 0.7095918907352652, 0.7142797134158925, 0.7168407669726093, 0.7140801979518887, 0.7057281697476641, 0.7197051477458367, 0.7121897467897129, 0.7100021025898992]
test_f1_score -----> [0.7055178681808905]
val_f1_score -----> [0.6634640772584743, 0.6805769062403237, 0.6812255884242666, 0.6783325890157216, 0.6802901489070634, 0.6747343950237282, 0.6893922085824913, 0.6873202564297751, 0.6812770036083091, 0.690883654708194, 0.6759627278858342, 0.6714461718017555, 0.6819924964278729, 0.689051967265651, 0.6957739457911779, 0.6927251603360123, 0.6961123685981594, 0.7030118330773044, 0.6992251396042553, 0.7078516919885154, 0.7108566492686855, 0.6984776626664597, 0.6893841805679868, 0.691225777454521, 0.698791999997144, 0.699783878925532, 0.6913711100222945, 0.6939358656372492, 0.6892036801675356, 0.7002141719632247]
train_loss -----> [0.6614783075840583, 0.6290499359585237, 0.6124391711276517, 0.5969540051899964, 0.5963072312482885, 0.5915502629418299, 0.5874346713872918, 0.5745880062813348, 0.5788363476378329, 0.5810125147302947, 0.5756230931999028, 0.5741844899898417, 0.5687497620457334, 0.5739429707274487, 0.5676601261872304, 0.5679810325466632, 0.56958737478092, 0.5650513091704985, 0.566226666064366, 0.5621246400194752, 0.5583560962391925, 0.5606109475635966, 0.5674676321230939, 0.5599817562092483, 0.5519113420252358, 0.564595615491271, 0.5638987173636749, 0.5558982018003431, 0.5594271575843075, 0.5623978328337702]
val_loss -----> [0.6420396979864651, 0.6214245853123369, 0.6118555874437898, 0.5988390711513728, 0.5988596285785642, 0.5950324857557142, 0.5902942153247628, 0.5869139091925577, 0.589136416042173, 0.5838270694822881, 0.590838774635985, 0.5898531557203412, 0.5832661347346262, 0.5825858016808827, 0.5770247484649623, 0.5774697304308953, 0.5754803776204046, 0.5703014017225386, 0.5771443567297476, 0.5712060361832113, 0.5730615381721974, 0.5674195697715692, 0.576812166351456, 0.5766749680042265, 0.5693434981612471, 0.5698261051564604, 0.575890410322327, 0.5739357768146844, 0.5716219007431925, 0.5702973577353329]
test_loss -----> [0.5807528193738007]
val_auc_roc -----> [0.7371880182633443, 0.7443797219549149, 0.7475942343522861, 0.759387604676399, 0.760590487500256, 0.7616858786675129, 0.7658524600233411, 0.7684680903339407, 0.7666304948711125, 0.7719487725476546, 0.7601144530210274, 0.7664820540119982, 0.7721944677627404, 0.7737710120595402, 0.7772619315738827, 0.7771186093650827, 0.7767910157449683, 0.7793196290002253, 0.7725783665363117, 0.7831534980856247, 0.7801130197989394, 0.7836653631170531, 0.7764736594254826, 0.7742009786859401, 0.7804047828668536, 0.7796421039700252, 0.77477426752114, 0.7786900350115682, 0.7773796605311111, 0.7820376323171105]
val_auc_pr -----> [0.7298930853585521, 0.7335466604480055, 0.7320840960204222, 0.7472212782792085, 0.7526486166131956, 0.7485913312115392, 0.754752473577872, 0.7541022552399739, 0.760423573977568, 0.7583241672962411, 0.7506577322746535, 0.7500805368296783, 0.7694132877325263, 0.7689078628079737, 0.7686497597822106, 0.776240197217352, 0.7702178714113453, 0.7766362793755056, 0.7671490604328592, 0.7714671895016687, 0.7721633695411017, 0.7814438412465242, 0.7697628857229867, 0.76599333242261, 0.7778058706224557, 0.7787128433809293, 0.7700520302190177, 0.7750907868480537, 0.77187137377597, 0.7741276245639356]
test_auc_roc -----> [0.7655194281102271]
test_auc_pr -----> [0.7367268495625172]
cm -----> [[193  72]
 [101 223]]
--------
