--------
epochs_index -----> 39
train_acc -----> [0.6199066042900085, 0.6727504134178162, 0.683573842048645, 0.6831493973731995, 0.6988539695739746, 0.6990662217140198, 0.6977928876876831, 0.7020373344421387, 0.703098475933075, 0.7045840620994568, 0.7050085067749023, 0.7037351727485657, 0.7145586013793945, 0.703098475933075, 0.7009762525558472, 0.7022495865821838, 0.7113752365112305, 0.7016128897666931, 0.7088285088539124, 0.6992784142494202, 0.7115874290466309, 0.7128607630729675, 0.7158319354057312, 0.7016128897666931, 0.7088285088539124, 0.7094652056694031, 0.7190153002738953, 0.7196519374847412, 0.7122241258621216, 0.7075551748275757, 0.706918478012085, 0.7045840620994568, 0.7160441279411316, 0.7090407609939575, 0.7149830460548401, 0.7028862237930298, 0.725806474685669, 0.712436318397522, 0.7058573961257935, 0.7120118737220764]
test_acc -----> [0.6977928876876831]
val_acc -----> [0.6179966330528259, 0.657045841217041, 0.6740237474441528, 0.6672325730323792, 0.6723259687423706, 0.6876060962677002, 0.6757215857505798, 0.6808149218559265, 0.6926994919776917, 0.6825127601623535, 0.6943972706794739, 0.685908317565918, 0.6977928876876831, 0.7011884450912476, 0.6977928876876831, 0.6910017132759094, 0.6943972706794739, 0.6842105388641357, 0.6960950493812561, 0.6943972706794739, 0.6943972706794739, 0.706281840801239, 0.7028862237930298, 0.7011884450912476, 0.7028862237930298, 0.6910017132759094, 0.6994906663894653, 0.6910017132759094, 0.6926994919776917, 0.6977928876876831, 0.6994906663894653, 0.7096773982048035, 0.7045840620994568, 0.6943972706794739, 0.6876060962677002, 0.6943972706794739, 0.6926994919776917, 0.7096773982048035, 0.6926994919776917, 0.6977928876876831]
train_f1_score -----> [0.6182862846438324, 0.6726413733509029, 0.6835498903345127, 0.6831373986927867, 0.6988468096342093, 0.6989837251296027, 0.697791993152247, 0.7020136717479326, 0.7030232294708789, 0.7045787135439472, 0.704895987155524, 0.7037197134271584, 0.7145138100391333, 0.7030925697397016, 0.7009411921674021, 0.7022447293147249, 0.7112178288054001, 0.7015913941487131, 0.7087314937658887, 0.6992280265375328, 0.7115634111261954, 0.7128157509464497, 0.7158317983148584, 0.7014560624279398, 0.7088053828191172, 0.709464130320456, 0.7189301551788908, 0.7196491064414098, 0.7121942380463451, 0.7075499045930324, 0.7069155308825426, 0.7045361290385381, 0.7160193757390281, 0.709020808663196, 0.714938324812304, 0.7028089299038882, 0.7258015067516984, 0.7123849136709173, 0.7058361822119763, 0.7118576919472981]
test_f1_score -----> [0.697247436481233]
val_f1_score -----> [0.6152238054121966, 0.6544551530101224, 0.6739476365423885, 0.6670704084161145, 0.6714736916742772, 0.6876052065528653, 0.674064261410412, 0.6806077897047735, 0.692695942422136, 0.6808901406477421, 0.6940789423506224, 0.6853859540727965, 0.697247436481233, 0.7005592222371728, 0.6974082147939715, 0.690929530210362, 0.6941989473764518, 0.6835455419678449, 0.6955896526952626, 0.6936546413140297, 0.6941424861532943, 0.7057933513205097, 0.7026668347247265, 0.7011806978636086, 0.7026084999597513, 0.6903510140755762, 0.6992687414647784, 0.6893459865635391, 0.6924122201307864, 0.6974082147939715, 0.6994352089128415, 0.709556857169315, 0.7044809638356482, 0.6943893502021845, 0.6873456526230362, 0.6937537501278752, 0.6926853122827297, 0.7095132980291158, 0.6921884198206437, 0.6977710848712022]
train_loss -----> [0.6513126813798674, 0.6105687456341468, 0.5994604578042481, 0.5919480915790102, 0.5842709873750774, 0.5797829454438996, 0.5755004522047545, 0.5789325969429702, 0.5721439685805343, 0.5730839740035892, 0.5663800950973266, 0.5689211373924193, 0.5685007743954862, 0.5690424142750088, 0.5701053585534592, 0.5757852745177592, 0.5629892822083068, 0.570987306067211, 0.5649806803475012, 0.570366305133078, 0.5613225557049183, 0.5619156681924606, 0.5557493938351323, 0.5736441279813673, 0.5615563074629656, 0.5642350280375961, 0.5601297204330533, 0.5518965030465345, 0.5564828086486294, 0.5634229910545729, 0.5650880766845923, 0.5662052212172328, 0.5523253722536948, 0.5603339483104448, 0.5540800560107658, 0.566613202639468, 0.5526663128204369, 0.5580836566123982, 0.5644589928698249, 0.5630377401520319]
val_loss -----> [0.6389994415882473, 0.6154754939111503, 0.5982315504067653, 0.6018652722642229, 0.5920725090278162, 0.5847324652446282, 0.5868164474094236, 0.5825173129906526, 0.582931386055173, 0.5776607269370879, 0.5697432824888741, 0.5744389255304595, 0.5686223438462695, 0.5674280798113027, 0.5637507176882512, 0.5640011623099045, 0.5637320364649229, 0.5684298554787764, 0.5674358135139623, 0.5669824436709688, 0.5669856623217867, 0.5663359435023488, 0.5649558390314514, 0.5640314954358178, 0.5610125491747986, 0.5620374220448571, 0.5671921142855207, 0.570889118958164, 0.5620412460050067, 0.5620555599799026, 0.558002264515774, 0.5570817807236232, 0.5598217333490784, 0.5581284294257293, 0.5680607388148436, 0.565104165189975, 0.560991015385937, 0.5566791283923225, 0.5626363415975831, 0.5598467966994725]
test_loss -----> [0.5423349550849682]
val_auc_roc -----> [0.6976594027441485, 0.733402513547792, 0.7485875706214689, 0.7398247434567047, 0.753799146777355, 0.75889542257581, 0.7586532918252046, 0.7590107229332411, 0.7585956416464891, 0.7686498328144816, 0.7737461086129368, 0.769825896460279, 0.7756255044390639, 0.7775394903724202, 0.7784100080710249, 0.7763864867981091, 0.7793035858411161, 0.7742764902571198, 0.7746223913294131, 0.7785310734463277, 0.7774933702294476, 0.777839271301741, 0.7786579038395018, 0.7773665398362735, 0.782001614205004, 0.7805949498443445, 0.77564856451055, 0.773469387755102, 0.7784503631961258, 0.77961489680618, 0.7841577308889657, 0.7850686037126715, 0.7808024904877204, 0.7822206848841231, 0.773469387755102, 0.7777931511587686, 0.7794880664130059, 0.7864522080018449, 0.7798454975210423, 0.7809985010953534]
val_auc_pr -----> [0.6777030629594867, 0.7123030570403034, 0.721440960453111, 0.7169724264246506, 0.7291328757995884, 0.7377454937787402, 0.7385412940692456, 0.7366981661770093, 0.7331855089092311, 0.7422881640089745, 0.7504790585752439, 0.7459647200007529, 0.7507606629030377, 0.7572610511417366, 0.7554079401711, 0.7557965475078523, 0.7543290775751805, 0.7522686442791687, 0.7517969755595537, 0.752342574686778, 0.7538162390228978, 0.7544394552294826, 0.7512075706833189, 0.7540893890129661, 0.7583590318808389, 0.7498114638241105, 0.7488488474000667, 0.7451339318166441, 0.7539290797220242, 0.7490849803445565, 0.7543359765195893, 0.7550372053557185, 0.7532188312350119, 0.7566111047651622, 0.7497991518390478, 0.7457892415188975, 0.7490544429598383, 0.7531700255180972, 0.7527369530873851, 0.7503676724177814]
test_auc_roc -----> [0.7990891271762942]
test_auc_pr -----> [0.8003063183733136]
cm -----> [[193  76]
 [102 218]]
--------
