--------
epochs_index -----> 39
train_acc -----> [0.646010160446167, 0.6899405717849731, 0.698429524898529, 0.6982173323631287, 0.7028862237930298, 0.7045840620994568, 0.708616316318512, 0.6992784142494202, 0.7162563800811768, 0.7122241258621216, 0.7209252715110779, 0.7096773982048035, 0.7033106684684753, 0.7243208885192871, 0.7120118737220764, 0.7251697778701782, 0.7200763821601868, 0.7247453331947327, 0.7202886343002319, 0.7207130789756775, 0.7196519374847412, 0.7262309193611145, 0.7236841917037964, 0.7209252715110779, 0.7192274928092957, 0.7311120629310608, 0.7202886343002319, 0.7154074907302856, 0.7207130789756775, 0.725806474685669, 0.728989839553833, 0.7221986651420593, 0.721137523651123, 0.7228353023529053, 0.7243208885192871, 0.7213497161865234, 0.7173174619674683, 0.7332342863082886, 0.7306876182556152, 0.725806474685669]
test_acc -----> [0.7266553640365601]
val_acc -----> [0.6926994919776917, 0.6740237474441528, 0.685908317565918, 0.706281840801239, 0.7011884450912476, 0.7113752365112305, 0.7011884450912476, 0.6910017132759094, 0.7011884450912476, 0.7045840620994568, 0.7096773982048035, 0.7130730152130127, 0.7181664109230042, 0.7249575257301331, 0.7249575257301331, 0.7198641896247864, 0.7300509214401245, 0.7045840620994568, 0.7334465384483337, 0.7232597470283508, 0.7300509214401245, 0.7249575257301331, 0.7147707939147949, 0.7300509214401245, 0.7368420958518982, 0.7300509214401245, 0.7215619683265686, 0.7249575257301331, 0.7198641896247864, 0.7130730152130127, 0.7368420958518982, 0.7317487001419067, 0.7317487001419067, 0.7300509214401245, 0.7368420958518982, 0.7385398745536804, 0.7215619683265686, 0.7368420958518982, 0.7300509214401245, 0.7368420958518982]
train_f1_score -----> [0.645991750256149, 0.6898577528996391, 0.6984109410676115, 0.6981833286282243, 0.7028579244404853, 0.7045224994037902, 0.7085736488249503, 0.6992211978070288, 0.716250725826822, 0.712136926421951, 0.7209080837251878, 0.7096721839138075, 0.7032745541915787, 0.7242510182861859, 0.7119636074179447, 0.7251546102772131, 0.7200461217971759, 0.7246896637158708, 0.7202232968087441, 0.7206365174613992, 0.7195952551185374, 0.7261519581147802, 0.7236123044604099, 0.7209251789872568, 0.7191740608527804, 0.7310805463204961, 0.7202545508041558, 0.7153274470077968, 0.72068644867383, 0.7257312921277042, 0.7289056946824789, 0.7221685924052057, 0.7211262120247273, 0.7227202157748973, 0.7242885791874045, 0.721340590969171, 0.7172514654167603, 0.7332279343900865, 0.730639450197864, 0.7256676182396293]
test_f1_score -----> [0.726036217637615]
val_f1_score -----> [0.6924725549439574, 0.6704895055202028, 0.6859046926421597, 0.7062784419822035, 0.6997335137135912, 0.7105734716932228, 0.6997335137135912, 0.6899067338621991, 0.70093931968257, 0.7031456328190239, 0.7090198339535922, 0.7082149769647461, 0.7178728019989356, 0.7225382042477752, 0.7243783746142318, 0.7185661986193382, 0.7297985795036579, 0.6970307869021295, 0.7325553432785908, 0.7226329409021104, 0.7297985795036579, 0.7245375131698691, 0.7074780009780031, 0.7299730934917499, 0.7368390659920965, 0.7300509287613031, 0.7167206219445967, 0.7243783746126655, 0.7134681842731058, 0.7045568497102537, 0.7365383288762624, 0.7314692932265431, 0.7311838467219631, 0.7294394943763696, 0.7364744477691356, 0.7365648184348015, 0.7215547408477084, 0.7368421002381521, 0.7254803626505784, 0.7366933398480779]
train_loss -----> [0.6240886971480982, 0.5837653485745037, 0.5787032310596345, 0.5746998827910785, 0.5676176871579452, 0.5615317077709578, 0.5645060316107676, 0.5638321327687513, 0.5503286435213479, 0.5566124065015436, 0.5525308475783807, 0.555043949943245, 0.5617128937222144, 0.5495073209138799, 0.5588109693877363, 0.5466697518105011, 0.5491792507760598, 0.5474090099031128, 0.5455128597079798, 0.5471027743937815, 0.5445837270980785, 0.5423104975037346, 0.5486021345965121, 0.5410744193403747, 0.5481519890104768, 0.541445929171274, 0.5404783772440636, 0.5505251497890432, 0.5468805061941036, 0.543642392233393, 0.5342433204422173, 0.5417667910178368, 0.5478273025494071, 0.5422331775287211, 0.5385633910704153, 0.5443177114925475, 0.5473278483632067, 0.539113769987646, 0.5391424743297348, 0.5472575322375431]
val_loss -----> [0.5890460791620049, 0.5822850508061616, 0.5668062408630912, 0.5578996579389315, 0.5591807250638264, 0.5572104824555886, 0.5551126293233924, 0.5570530541039803, 0.5601018145680425, 0.5573386473430171, 0.5492118476210415, 0.5593419878466709, 0.5460704556993539, 0.5528076782419878, 0.5488485331470903, 0.5478531241014195, 0.5433722821039121, 0.5734554579531825, 0.5409500830479568, 0.5399369853171141, 0.5374894315326536, 0.5388797141007475, 0.5624278169628737, 0.5333362066665208, 0.5364976158818683, 0.5354853312711458, 0.5627516226188555, 0.5379367057938833, 0.559760939631913, 0.5720168638068276, 0.5334271043539045, 0.5350503853043992, 0.5390744817418025, 0.5362934880965468, 0.5367720545949165, 0.540215430428853, 0.540926895230203, 0.5338428765535357, 0.549715481094412, 0.5335455498582606]
test_loss -----> [0.5412618244016494]
val_auc_roc -----> [0.7617664014758446, 0.7670356278104461, 0.7733771474691571, 0.7834889888158653, 0.7854952150351667, 0.7852069641415889, 0.7904416003689612, 0.7868672892885967, 0.7820592643837196, 0.7896690879741726, 0.7936238902340595, 0.8019831661478151, 0.7975786924939468, 0.7976709327798918, 0.7959414274184249, 0.7983512048887351, 0.7992620777124407, 0.796045197740113, 0.803735731580768, 0.8029401591144932, 0.8058111380145278, 0.8054191167992621, 0.8042084630462354, 0.8085783465928744, 0.8059264383719589, 0.8072985126253891, 0.8028363887928054, 0.805407586763519, 0.806675890695261, 0.8092586187017179, 0.8117952265652023, 0.8083477458780122, 0.8067335408739769, 0.8080479649486912, 0.807286982589646, 0.8076674737691686, 0.8016603251470079, 0.8090164879511126, 0.8127637495676237, 0.8098120604173873]
val_auc_pr -----> [0.734288817425584, 0.7469666321992907, 0.7488319857380592, 0.7539215799392839, 0.7580869513567003, 0.7554143474495205, 0.7575450223735475, 0.7597542552340779, 0.7569824335938, 0.7585328028654268, 0.7632605187583354, 0.7724275736847361, 0.7671084460718205, 0.7732292169869466, 0.7668163189149619, 0.7673641662659866, 0.7730019016101781, 0.7642084612885871, 0.7708266810225297, 0.7773881786344263, 0.7789938828756477, 0.7755335776536812, 0.7678127162364574, 0.782653542072273, 0.7782761948338173, 0.7751360844325039, 0.7775324399604422, 0.7806112468971365, 0.7812747922104643, 0.7843286289228558, 0.7881839973833179, 0.7808418631453777, 0.7728733340682995, 0.7789563037473092, 0.7784300328325903, 0.7773818930923816, 0.7754783254373316, 0.7840767742902048, 0.7827843819640632, 0.7816731708235689]
test_auc_roc -----> [0.8010146431453938]
test_auc_pr -----> [0.7952775160032205]
cm -----> [[200  67]
 [ 94 228]]
--------
