--------
epochs_index -----> 29
train_acc -----> [0.5636322498321533, 0.6782155632972717, 0.6951992511749268, 0.7038043737411499, 0.710597813129425, 0.7214673757553101, 0.7291666865348816, 0.7300724387168884, 0.7196558117866516, 0.7289401888847351, 0.7291666865348816, 0.7445651888847351, 0.7364130616188049, 0.7305253744125366, 0.733016312122345, 0.739130437374115, 0.7364130616188049, 0.7393568754196167, 0.735733687877655, 0.7400362491607666, 0.7375453114509583, 0.745244562625885, 0.73777174949646, 0.7413949370384216, 0.7477355003356934, 0.7450181245803833, 0.74048912525177, 0.73777174949646, 0.748641312122345, 0.7529438138008118]
test_acc -----> [0.706281840801239]
val_acc -----> [0.6481900215148926, 0.6617646813392639, 0.6945701241493225, 0.6900452375411987, 0.7104072570800781, 0.7115384340286255, 0.7183257937431335, 0.720588207244873, 0.7285068035125732, 0.726244330406189, 0.720588207244873, 0.7251130938529968, 0.7432126402854919, 0.7217194437980652, 0.7251130938529968, 0.7420814633369446, 0.7420814633369446, 0.7420814633369446, 0.7409502267837524, 0.7432126402854919, 0.7466063499450684, 0.7477375268936157, 0.7466063499450684, 0.7454751133918762, 0.7454751133918762, 0.7386877536773682, 0.7522624731063843, 0.7466063499450684, 0.7533936500549316, 0.7545248866081238]
train_f1_score -----> [0.5636241632643634, 0.6782154261991631, 0.6951942061680845, 0.7038040998035316, 0.7105940219085639, 0.7214653295411232, 0.7291666061108069, 0.7300724587648105, 0.7196543545061065, 0.7289401984882538, 0.7291646617569354, 0.7445647408407008, 0.7364076317449877, 0.7305253020416663, 0.7330139855911002, 0.7391260954938863, 0.7364125518783142, 0.7393568656890324, 0.7357330266293629, 0.7400336140268493, 0.7375449483891365, 0.7452439200923968, 0.7377690985131846, 0.7413896179919723, 0.7477168213625947, 0.7450128807170662, 0.7404886463595146, 0.7377502173622468, 0.74864124778646, 0.7529437215565047]
test_f1_score -----> [0.7062682816828825]
val_f1_score -----> [0.6476990904179478, 0.6531900467495015, 0.6926428952062922, 0.6855236116884513, 0.7096880081326888, 0.7111832825191378, 0.7173851308730768, 0.7200978815102821, 0.7284386709697194, 0.7243124772997949, 0.7196551297816793, 0.7247295132813392, 0.7426590953755197, 0.7217180275691919, 0.723120107519071, 0.7420695606459529, 0.7417840566065996, 0.741253672999129, 0.7387568588594108, 0.742603640165026, 0.7461372339066621, 0.7472455987931779, 0.7459183361572124, 0.7441757818709234, 0.7453574739092631, 0.7386874433968302, 0.7515601549978344, 0.7466063298247374, 0.753312847007122, 0.7545245677350456]
train_loss -----> [0.6855611827062521, 0.6046003937937211, 0.5865482111879886, 0.5728037919903146, 0.5633673085088744, 0.5526974915486326, 0.5435911477745883, 0.541377610324518, 0.5466275175196537, 0.5397563189322098, 0.5359339531025159, 0.527324402488876, 0.5290891250352491, 0.5334730556207726, 0.5278451156573019, 0.522961689375233, 0.5297443704490642, 0.5212771999447231, 0.5269285613212027, 0.5228767610978389, 0.5254710705923862, 0.518075763315394, 0.5237009206759751, 0.515670069101928, 0.5264572440984033, 0.5220405509884376, 0.5217006908918638, 0.5264690810733518, 0.5089417091044391, 0.5125081094278802]
val_loss -----> [0.6345361218796118, 0.6175428242296785, 0.5818460709876841, 0.5739121122940164, 0.5560639095198999, 0.5483264284090955, 0.5403822503379873, 0.5355342631941442, 0.5333202839703173, 0.5373563405361262, 0.5305528396421725, 0.5287919870099504, 0.5283478239366601, 0.5232044005984662, 0.5289008246885764, 0.5134219392999875, 0.5205618909618874, 0.5184564175637993, 0.5258406112054447, 0.5164152215998455, 0.5195474989779361, 0.5182375560204187, 0.518318261917647, 0.5173084319711807, 0.5111286562305316, 0.5114439813134909, 0.5128370331482844, 0.5077636960121963, 0.5106837148064968, 0.5116598620876537]
test_loss -----> [0.5505457131846532]
val_auc_roc -----> [0.6926301672774924, 0.7420379394361294, 0.7639713560328413, 0.7790713744599823, 0.7892830818369811, 0.795635326877009, 0.8038609979320652, 0.8069833746237791, 0.8085548002702647, 0.8108940234638932, 0.8123528388034643, 0.8124961610122642, 0.8145948076411211, 0.8166729796687209, 0.816529657459921, 0.8247604471652915, 0.8207064761163776, 0.8226566818861203, 0.821699494277349, 0.8240899039741202, 0.8220322065477775, 0.8232299707213203, 0.823439835384206, 0.8234705472860917, 0.8275193996846912, 0.8259428553878914, 0.8278111627526055, 0.8286403841035196, 0.8284458753915768, 0.82620390655392]
val_auc_pr -----> [0.7015920006272491, 0.7492905869608151, 0.7643308118123082, 0.7789066802314056, 0.7864784770440505, 0.7894050299916959, 0.7916930963158054, 0.7975736987749228, 0.7965817551318267, 0.7979279515220284, 0.7975316171413152, 0.8009219237751932, 0.8000954356125953, 0.7991489213188095, 0.802061226133739, 0.8071710393777858, 0.801031730233441, 0.805816110710269, 0.8017649165598516, 0.8035465540661737, 0.7978659069541583, 0.8038229675851235, 0.8044996827155202, 0.8039792770994142, 0.8049484606772574, 0.8019431828213655, 0.804530367954508, 0.8084477471776323, 0.8051180957480385, 0.8045874391016632]
test_auc_roc -----> [0.7946500634151966]
test_auc_pr -----> [0.7934838216839513]
cm -----> [[206  85]
 [ 88 210]]
--------
