--------
epochs_index -----> 29
train_acc -----> [0.6347373127937317, 0.6768568754196167, 0.6990489363670349, 0.7047101259231567, 0.7022191882133484, 0.7117300629615784, 0.7087862491607666, 0.7250905632972717, 0.7146739363670349, 0.7144474387168884, 0.7149003744125366, 0.7230525612831116, 0.7266757488250732, 0.720108687877655, 0.7293931245803833, 0.7101449370384216, 0.7241848111152649, 0.7250905632972717, 0.7203351259231567, 0.7350543737411499, 0.7239583134651184, 0.7291666865348816, 0.7167119383811951, 0.7203351259231567, 0.7185235619544983, 0.72214674949646, 0.7110507488250732, 0.7158061861991882, 0.7158061861991882, 0.7253170013427734]
test_acc -----> [0.7385398745536804]
val_acc -----> [0.662895917892456, 0.6809954643249512, 0.6900452375411987, 0.6843891143798828, 0.6832579374313354, 0.6945701241493225, 0.7115384340286255, 0.7047511339187622, 0.7047511339187622, 0.7002262473106384, 0.7115384340286255, 0.7126696705818176, 0.7024886608123779, 0.6957013607025146, 0.709276020526886, 0.7160633206367493, 0.709276020526886, 0.7149321436882019, 0.7160633206367493, 0.7217194437980652, 0.7194570302963257, 0.7194570302963257, 0.7115384340286255, 0.7149321436882019, 0.709276020526886, 0.7149321436882019, 0.7251130938529968, 0.7058823704719543, 0.7171945571899414, 0.7160633206367493]
train_f1_score -----> [0.6313548660681364, 0.6767534291809074, 0.6990462999162259, 0.704698267923664, 0.7021825301518347, 0.7116750521273973, 0.7087130356610374, 0.7250824545055785, 0.7144836326737493, 0.7144274111910267, 0.7148863070893343, 0.7230508128165174, 0.7266683050379015, 0.7201072553792922, 0.7293697824903597, 0.7100801624108481, 0.7241193620698599, 0.7250328206280858, 0.7202948502221909, 0.735020372916632, 0.7239056467188592, 0.7291599396384456, 0.7166302146635908, 0.7203060963619863, 0.7184698269004318, 0.7220865228032808, 0.7110293221447876, 0.7157883010598275, 0.7157766405136623, 0.7253016839691183]
test_f1_score -----> [0.7377165741380545]
val_f1_score -----> [0.6620586977889442, 0.680273744117402, 0.6887051866801777, 0.6823399807209158, 0.6826080662285036, 0.6938791164949035, 0.7099703899132628, 0.7037651374214606, 0.7039840551640745, 0.6990613119348391, 0.7105751341472686, 0.7111557015042572, 0.7010652678839688, 0.6953266786975638, 0.708819562530155, 0.7148779130908969, 0.7085865007609453, 0.7140891586021957, 0.7149599593418898, 0.7198610746390595, 0.718406242594223, 0.7182441100972999, 0.7105751341472686, 0.7146034315143334, 0.7086492848540265, 0.7138644078780627, 0.7241951275988847, 0.7052169268094881, 0.7158857116436113, 0.715451246958325]
train_loss -----> [0.6543799041082026, 0.6150426418129088, 0.5968054498451345, 0.5851387408008603, 0.5785420308618446, 0.5747882926809625, 0.5713751696158148, 0.5608756392114399, 0.5649836254508593, 0.5662582302870961, 0.5658614235133795, 0.5584108794135029, 0.5538359736024897, 0.5592534934049073, 0.5506835545318716, 0.559192505543647, 0.5566063829954122, 0.5523624054115749, 0.5535428150408508, 0.5448846382129454, 0.5486507132325488, 0.5507764884311217, 0.5498854912871473, 0.5543406863521406, 0.5556389087730125, 0.5497539623815947, 0.5478818768878345, 0.5580712536862797, 0.551252571622963, 0.5475297624758189]
val_loss -----> [0.6373203493453365, 0.6165676968054727, 0.6050089055353458, 0.5977431820319582, 0.593620829217069, 0.5901128467138828, 0.5857003940655308, 0.5824401300769665, 0.5801055044741245, 0.5785039271320309, 0.576574626538131, 0.5781129421414556, 0.5734237620422431, 0.5734176743137942, 0.5714776352182167, 0.5734861595136622, 0.5718274879025983, 0.5720211227197906, 0.5703669703221534, 0.571409084506937, 0.5719677048760492, 0.5677755340799554, 0.5680766857422148, 0.5671096269611842, 0.5664360644044102, 0.5657155554036836, 0.5649981058395659, 0.5667582766429798, 0.5658559613936657, 0.5659779484744543]
test_loss -----> [0.5268197607349708]
val_auc_roc -----> [0.7246857148707029, 0.7413264470424438, 0.7504376446018713, 0.755960668290985, 0.7573119919739563, 0.7620211502630987, 0.7666995966503553, 0.7695506848754122, 0.7703747875760119, 0.7724939088061261, 0.774669335189697, 0.773374316660183, 0.776783337769497, 0.7750890645154687, 0.7772644908990398, 0.7762714727380684, 0.7763584897934113, 0.7758210315104113, 0.7772593722487254, 0.7777456440285826, 0.7756214041481542, 0.7808731393706108, 0.7798289347064965, 0.7810113429290964, 0.7825571753240106, 0.783284023668639, 0.7845124997440676, 0.782654429679982, 0.7835809053868675, 0.7832277185151819]
val_auc_pr -----> [0.6906852765427082, 0.7076022729180935, 0.7143891603888767, 0.7189018624897483, 0.7212648661507495, 0.7307976297020413, 0.731936353336608, 0.7393450249249076, 0.7396916191289028, 0.7411143267123442, 0.7452557882329192, 0.7427054190996302, 0.7511074032974638, 0.7480410748581658, 0.7491904936642575, 0.7462682133726398, 0.7486747103999254, 0.7452080925492917, 0.747913874718064, 0.7461895461659734, 0.744828915383237, 0.7495411590074668, 0.7508391728074003, 0.7526284119517171, 0.7577314421048584, 0.7537616091363943, 0.7545236849554701, 0.7572204934353736, 0.7578902846086875, 0.7567592257774179]
test_auc_roc -----> [0.82487028709789]
test_auc_pr -----> [0.8019676735893273]
cm -----> [[201  61]
 [ 93 234]]
--------
