--------
epochs_index -----> 15
train_acc -----> [0.6919795221843, 0.8250853242320818, 0.8293515358361773, 0.8191126279863483, 0.8233788395904432, 0.8395904436860069, 0.8276450511945388, 0.8464163822525596, 0.8609215017064847, 0.8464163822525599, 0.8686006825938564, 0.8481228668941976, 0.8472696245733785, 0.8575085324232081, 0.8626279863481228, 0.8361774744027298]
test_acc -----> [0.851190476190476]
val_acc -----> [0.8095238095238094, 0.8035714285714285, 0.7946428571428571, 0.8125000000000001, 0.8154761904761904, 0.8244047619047616, 0.8333333333333334, 0.8422619047619049, 0.8244047619047619, 0.8214285714285715, 0.8452380952380951, 0.8124999999999999, 0.8482142857142858, 0.8124999999999998, 0.8214285714285713, 0.8482142857142857]
train_f1_score -----> [0.33185437575420945, 0.6732650653729617, 0.7058020387143725, 0.6937428808808683, 0.6916625950066982, 0.7084186487331064, 0.6847553955713691, 0.7335608553904817, 0.7569965776293515, 0.7026166012101059, 0.7675767823218429, 0.7393629032427186, 0.7291239955003792, 0.7435722319490901, 0.7539249053785748, 0.7183162594853623]
test_f1_score -----> [0.6458049805037388]
val_f1_score -----> [0.5575396754679232, 0.5764739156278615, 0.5205215353193298, 0.5542516936096735, 0.5776643917766711, 0.6227891079991092, 0.6172335523630644, 0.641269833238426, 0.5846938703046647, 0.5619047548075398, 0.6653628034625176, 0.5848072488244883, 0.7173469301086817, 0.5308389955468429, 0.5910430764592943, 0.6558389941789857]
train_loss -----> [0.5632565538732673, 0.4277602082989321, 0.4218689473568377, 0.3934672070546362, 0.39418348405548337, 0.3655978560879979, 0.38802674763642103, 0.34262157994427384, 0.3440932602885436, 0.3565538521385644, 0.3151565105256975, 0.3545879778410896, 0.35282333471109845, 0.3449448948986702, 0.34110138953088076, 0.360532852175801]
val_loss -----> [0.4737321959719771, 0.4556244522155752, 0.43067983830613754, 0.377016183299323, 0.48692005664287585, 0.43473407147186144, 0.41807251279464075, 0.4593523624574853, 0.4231194552433277, 0.39249900992338865, 0.36964141051950195, 0.5142424545760842, 0.3540388836658425, 0.46196146388094705, 0.5206927167961286, 0.35778190287584]
test_loss -----> [0.34908147355807684]
cm -----> [[98 19]
 [ 6 45]]
--------
