--------
epochs_index -----> 39
train_acc -----> [0.6827249526977539, 0.7054329514503479, 0.7251697778701782, 0.7330220937728882, 0.7417232394218445, 0.7553055882453918, 0.7608234286308289, 0.7635823488235474, 0.7644312381744385, 0.7811969518661499, 0.7758913636207581, 0.7814091444015503, 0.7763158082962036, 0.7786502838134766, 0.796901524066925, 0.7958403825759888, 0.8155772686004639, 0.8041171431541443, 0.8036926984786987, 0.8064516186714172, 0.8104838728904724, 0.8145161271095276, 0.8217317461967468, 0.8274617791175842, 0.8302206993103027, 0.8334040641784668, 0.8378607630729675, 0.8334040641784668, 0.8380730152130127, 0.8344652056694031, 0.840619683265686, 0.8433786034584045, 0.8488964438438416, 0.8531408905982971, 0.8474108576774597, 0.8544142842292786, 0.8518675565719604, 0.8533531427383423, 0.8618420958518982, 0.8535653352737427]
test_acc -----> [0.7945670485496521]
val_acc -----> [0.685908317565918, 0.7334465384483337, 0.7113752365112305, 0.6977928876876831, 0.7487266659736633, 0.7487266659736633, 0.7385398745536804, 0.7011884450912476, 0.7317487001419067, 0.7147707939147949, 0.7504244446754456, 0.7487266659736633, 0.7453310489654541, 0.7538200616836548, 0.755517840385437, 0.774193525314331, 0.7691001892089844, 0.7792869210243225, 0.7470288872718811, 0.7419354915618896, 0.7894737124443054, 0.7775891423225403, 0.7606111764907837, 0.7962648272514343, 0.7911714911460876, 0.7945670485496521, 0.803056001663208, 0.8013582229614258, 0.8081493973731995, 0.7860780954360962, 0.8013582229614258, 0.7945670485496521, 0.7809846997261047, 0.8013582229614258, 0.7877758741378784, 0.7860780954360962, 0.7979626655578613, 0.7928692698478699, 0.774193525314331, 0.8064516186714172]
train_f1_score -----> [0.6823987964887894, 0.7053205972387502, 0.7250484029691071, 0.7329758363606929, 0.7415584211651949, 0.7551332763129468, 0.7607595385673659, 0.7634671127086845, 0.7643164228784854, 0.7811116725716316, 0.7757862727302179, 0.7812942691466361, 0.7761453952350081, 0.7784737605715583, 0.7968500560345353, 0.7957900373576421, 0.8154856228980804, 0.8040003971677988, 0.8035408481675546, 0.8062756737032571, 0.8103786400693753, 0.8143125974881826, 0.8216345394086374, 0.8273479449534213, 0.8300791567629802, 0.8332712375442066, 0.8377786824258302, 0.8333244288630692, 0.8379798216568406, 0.8343271777189039, 0.8404926104785866, 0.8432592980107203, 0.8488283433241368, 0.8530518545105474, 0.8472779621750164, 0.8542856247958359, 0.8517681982586112, 0.8532830316868872, 0.8617509364754297, 0.8534432720205605]
test_f1_score -----> [0.7933063565693479]
val_f1_score -----> [0.6828328291688733, 0.7313526010760363, 0.7113344353462978, 0.6893680768478385, 0.7487259260249626, 0.7473802518768126, 0.7367177472466537, 0.6925011816479498, 0.7298792473020568, 0.707152491739528, 0.7502401403640013, 0.748604184715312, 0.7438358179757635, 0.7512386317537985, 0.7510390933407891, 0.7722794677004158, 0.7687475411135815, 0.7784125059914508, 0.7412530871345174, 0.7313343208356031, 0.7884486104548432, 0.7775865646718383, 0.7563380686934655, 0.7962501679359819, 0.7909304147808958, 0.79145073056029, 0.8029282087429468, 0.8010278718098376, 0.8079700581923894, 0.7845872468386432, 0.8008415624042877, 0.7936152109849686, 0.7796406614694892, 0.801321577066402, 0.7871476140761072, 0.7827408086579689, 0.7972871698059576, 0.7898151348660827, 0.7685466642561269, 0.8055993001493646]
train_loss -----> [0.6112801350640518, 0.571185743616473, 0.5456529182392992, 0.5322690333519607, 0.5124311112689649, 0.5024883415429824, 0.49637485284781985, 0.487173934845042, 0.4884869641733491, 0.464593143618218, 0.4614864941591519, 0.45800787049815295, 0.4593001267096385, 0.44960922756705074, 0.4435980446472231, 0.42177596452989097, 0.41645718047771707, 0.42227856833835614, 0.4231693317705733, 0.4193620535660481, 0.4021390973383179, 0.4040397613329878, 0.39036692960380703, 0.3787413835399017, 0.37707447467754457, 0.36714019348089033, 0.3598487504373709, 0.37110816981131106, 0.36587760422587545, 0.36219848343289746, 0.3536394619776633, 0.35539311031433, 0.3440643008418873, 0.3368273124902024, 0.3384746271525535, 0.33034258272897293, 0.33081019464216127, 0.3247391655408669, 0.30823073430850173, 0.32959013998963804]
val_loss -----> [0.6119898251585056, 0.5180868244654424, 0.5224399437775482, 0.5506118488674228, 0.4878110561419176, 0.5066225355541386, 0.5273146037314389, 0.7033033293948786, 0.5314081838807545, 0.6592603424513662, 0.49747251346707344, 0.4901616222955085, 0.5553133596439618, 0.538632340427186, 0.5912049177127915, 0.492823068958682, 0.5096856486052275, 0.5117475737288997, 0.7582140994837159, 0.6730629778592974, 0.5592569311124248, 0.5116707576514296, 0.5332289579752331, 0.5023370990277946, 0.530300556304487, 0.4638296273109075, 0.4724124849748773, 0.5164999061742347, 0.4778262511952906, 0.49745642270490126, 0.506972367560642, 0.5059805555722198, 0.5457423545319484, 0.4778525740210269, 0.5927524873860986, 0.5193336056293668, 0.5355224454825794, 0.5526426132214634, 0.609321634436177, 0.45086386563206055]
test_loss -----> [0.5476553620569207]
val_auc_roc -----> [0.7732157269687537, 0.8060071486221607, 0.8085898766286175, 0.8209500749452324, 0.8378531073446327, 0.8338406549060302, 0.8242591952035052, 0.8224374495560935, 0.8393981321342097, 0.8337253545485991, 0.8377378069872017, 0.8464775740804795, 0.845670471578462, 0.8534301856335754, 0.8600253660786348, 0.8556785426034822, 0.8604058572581575, 0.8604980975441023, 0.858584111610746, 0.8439755563242245, 0.8704831084976363, 0.8730888965755794, 0.8528075637034475, 0.8737922287559091, 0.8740228294707714, 0.8863484376801568, 0.8750028825089358, 0.8802836388792805, 0.882001614205004, 0.8800876282716477, 0.8832007379222875, 0.8801568084861063, 0.8641415888389253, 0.8837772397094431, 0.878980744840309, 0.8761789461547331, 0.8761674161189901, 0.885437564856451, 0.8784273031246396, 0.893335639340482]
val_auc_pr -----> [0.7484778292842478, 0.7857466965527543, 0.788279538367905, 0.8025444521332324, 0.81995243081667, 0.8179825478390377, 0.8081229430780303, 0.8131883364933448, 0.8278471537945479, 0.8225659995051345, 0.8309015390851314, 0.8303623572421024, 0.8268705798344893, 0.8373051764606958, 0.8453063473719122, 0.8352462571765371, 0.847129507601434, 0.8317663345904208, 0.8416966946091978, 0.8209250882980013, 0.853838877439695, 0.8647152377764464, 0.8390362329065116, 0.8617144016436794, 0.8579472070877068, 0.8754234129651813, 0.8650764940073267, 0.8688512216427496, 0.869860809038577, 0.8670659205116047, 0.8743274888652995, 0.8693388666238523, 0.8493004729987907, 0.8780562929093014, 0.8708391660751897, 0.8605489189964399, 0.8620116564849356, 0.8656292794051341, 0.8598568766667221, 0.8777126931693078]
test_auc_roc -----> [0.8809985010953534]
test_auc_pr -----> [0.8683289553414313]
cm -----> [[211  38]
 [ 83 257]]
--------
