--------
epochs_index -----> 29
train_acc -----> [0.6326992511749268, 0.6804800629615784, 0.6951992511749268, 0.6913496255874634, 0.6899909377098083, 0.6990489363670349, 0.7053894996643066, 0.7058423757553101, 0.7099184989929199, 0.7062953114509583, 0.7103713750839233, 0.7110507488250732, 0.7198822498321533, 0.7189764380455017, 0.7128623127937317, 0.7176177501678467, 0.7228260636329651, 0.7194293737411499, 0.7289401888847351, 0.7210144996643066, 0.7164855003356934, 0.7207880616188049, 0.7293931245803833, 0.7135416865348816, 0.717391312122345, 0.7253170013427734, 0.7119565010070801, 0.726222813129425, 0.7300724387168884, 0.7228260636329651]
test_acc -----> [0.6910017132759094]
val_acc -----> [0.6561086177825928, 0.6447963714599609, 0.6809954643249512, 0.6968325972557068, 0.6809954643249512, 0.6979637742042542, 0.685520350933075, 0.7024886608123779, 0.7081447839736938, 0.726244330406189, 0.7228506803512573, 0.7070135474205017, 0.7251130938529968, 0.7273755669593811, 0.7307692170143127, 0.7352941036224365, 0.7420814633369446, 0.7352941036224365, 0.7375565767288208, 0.7409502267837524, 0.7307692170143127, 0.7398189902305603, 0.7432126402854919, 0.7386877536773682, 0.7432126402854919, 0.7341628670692444, 0.7443438768386841, 0.7432126402854919, 0.7409502267837524, 0.7398189902305603]
train_f1_score -----> [0.631647236307149, 0.6804681225315818, 0.6950836273181809, 0.6913439188930277, 0.6899691724512028, 0.6989914725510665, 0.7053800453148544, 0.7058380269060839, 0.7099002500300786, 0.7062497183670804, 0.7103439079574547, 0.7110245798898969, 0.719853150777154, 0.7189472596074893, 0.712790147067053, 0.7175957222799085, 0.7227782602404702, 0.7194276019294661, 0.728904054318989, 0.720981522430516, 0.7164741036657994, 0.7207848169359363, 0.7293064798251612, 0.7135416469740612, 0.7173458452215794, 0.7252977395198372, 0.711879925272576, 0.7261992193312552, 0.7300006843747286, 0.7227523807338676]
test_f1_score -----> [0.6882836621748452]
val_f1_score -----> [0.6529752016431221, 0.6383525328237962, 0.6788651350724251, 0.6959360896250537, 0.6771884338729858, 0.6948709446379421, 0.6805743975528598, 0.698394099202559, 0.7057348064460036, 0.7261041411677102, 0.7203857073042486, 0.702146642534872, 0.7245770430807166, 0.7270818471183483, 0.7297608293846236, 0.7348040749298781, 0.7420761620594802, 0.734575404959277, 0.7360854409001882, 0.7407428702060783, 0.7268416766559399, 0.7381772803622757, 0.7422862941844047, 0.7373538028540669, 0.742140582277265, 0.731315673894704, 0.7417850520062577, 0.7430387169157677, 0.7381756991152263, 0.7389839684202315]
train_loss -----> [0.6428598899232306, 0.6043153469437282, 0.588889780305866, 0.5865393047207512, 0.5798673698867578, 0.5757571403747015, 0.5711440703683139, 0.5697275752714587, 0.562883510699739, 0.5673881433904178, 0.5567885302817045, 0.5647711067635948, 0.5539217616660872, 0.5557877950478289, 0.5600419093895209, 0.5538311959446764, 0.5496814782204832, 0.5516325469682184, 0.5483990921706402, 0.5495979088911974, 0.5520799870508305, 0.5474850440370864, 0.5383349817138223, 0.5521554034473242, 0.5500632838980446, 0.5420296697782868, 0.5559983719680179, 0.5477072784704138, 0.5391380777447549, 0.5438456708106442]
val_loss -----> [0.6165973589763988, 0.607367800968187, 0.5890801833556579, 0.5765044724082089, 0.5762775121508419, 0.5764403619744758, 0.5766683881347242, 0.5705985091291031, 0.5616418171573331, 0.557586454324894, 0.5553694375463433, 0.5601813540802345, 0.5451447818730328, 0.5489999590156317, 0.5461372410928877, 0.5435115562097448, 0.5376578927845562, 0.5455941066548629, 0.5382690209526192, 0.5365306904187073, 0.5444839325574068, 0.5383408166266779, 0.5314991052623269, 0.5338475870656534, 0.5344674698672853, 0.5431692417677458, 0.5367317676275699, 0.5294940918684002, 0.5374378398195042, 0.531866375793208]
test_loss -----> [0.5825482030978076]
val_auc_roc -----> [0.723933273274503, 0.7343548453143874, 0.7547424295161851, 0.7669350545648124, 0.7708866526074405, 0.7721458405847546, 0.7758005569091542, 0.7801514096762966, 0.7850909072295816, 0.787808910546467, 0.7931988493274094, 0.7924156958293238, 0.8006771974365797, 0.794089494482095, 0.7989522122806659, 0.8006976720378371, 0.804342151061608, 0.7991057717900943, 0.806369136586065, 0.8059596445609223, 0.8075310702074077, 0.8082476812514077, 0.8134635859216641, 0.8124500931594357, 0.8103668024815217, 0.810515243340636, 0.8138628406461784, 0.8141290104625213, 0.8113393460412359, 0.8118512110726643]
val_auc_pr -----> [0.6903065057981681, 0.6986432561884093, 0.7213738491835919, 0.7375374679473842, 0.7368412001084682, 0.7436810139225526, 0.7442744429221504, 0.7476186697646863, 0.7517768801323823, 0.7526607540339025, 0.7551592092781341, 0.7608762156780579, 0.7708548770773292, 0.7636675362023522, 0.7596599716367782, 0.7659985396077265, 0.7768775136805897, 0.7662301697719176, 0.777116186456434, 0.7785138866280183, 0.7785600047374474, 0.7773704275579408, 0.7853827479964224, 0.7816493979547829, 0.7724965055832326, 0.7805928709580574, 0.7764308335648397, 0.7817250203636642, 0.7753186731952177, 0.7776923743705064]
test_auc_roc -----> [0.7730543064683499]
test_auc_pr -----> [0.7513841760326455]
cm -----> [[176  64]
 [118 231]]
--------
