--------
epochs_index -----> 29
train_acc -----> [0.5957880616188049, 0.6630434989929199, 0.6961050629615784, 0.7124094367027283, 0.707880437374115, 0.7210144996643066, 0.7189764380455017, 0.7246376872062683, 0.7334691882133484, 0.733016312122345, 0.7352808117866516, 0.7300724387168884, 0.7429800629615784, 0.7334691882133484, 0.74388587474823, 0.7393568754196167, 0.7293931245803833, 0.7361866235733032, 0.7323369383811951, 0.7468296885490417, 0.7420742511749268, 0.7434329986572266, 0.74048912525177, 0.7420742511749268, 0.7529438138008118, 0.7445651888847351, 0.742527186870575, 0.742527186870575, 0.7400362491607666, 0.7540760636329651]
test_acc -----> [0.7283531427383423]
val_acc -----> [0.6674208045005798, 0.7081447839736938, 0.7081447839736938, 0.7273755669593811, 0.7115384340286255, 0.7352941036224365, 0.7420814633369446, 0.7466063499450684, 0.7567873597145081, 0.7454751133918762, 0.7375565767288208, 0.7251130938529968, 0.7635746598243713, 0.7556561231613159, 0.7522624731063843, 0.7613122463226318, 0.7658371329307556, 0.733031690120697, 0.7409502267837524, 0.7635746598243713, 0.7647058963775635, 0.7567873597145081, 0.7635746598243713, 0.7477375268936157, 0.7590497732162476, 0.7522624731063843, 0.7680995464324951, 0.7613122463226318, 0.7579185366630554, 0.7635746598243713]
train_f1_score -----> [0.5952091358699638, 0.6630423674055557, 0.696082563204256, 0.7123782063257269, 0.7078801901043381, 0.720969616372537, 0.7188996287486247, 0.7245994893546785, 0.7334524541491111, 0.7329834238543632, 0.7352161476054202, 0.7300456585964141, 0.7429310160833553, 0.733456062775056, 0.7438800726250651, 0.7393298109249469, 0.7293857700581935, 0.7361144779307024, 0.7323127374290588, 0.7467623865442945, 0.7420615593123416, 0.7433840010681607, 0.7404609636447638, 0.7420371124880285, 0.752920408632392, 0.7445081425304046, 0.7424928232752903, 0.7425224025314561, 0.7399632071723001, 0.7540675567571209]
test_f1_score -----> [0.7283523528676352]
val_f1_score -----> [0.6672828613911174, 0.7078921028804206, 0.7075460034881491, 0.7273333411162584, 0.7056530699851352, 0.7352819176372252, 0.7416993413958615, 0.7465232924757856, 0.7567621130445061, 0.745459147512155, 0.7338731394548534, 0.7198646299684944, 0.763244724713035, 0.7552502000773635, 0.7518276757504605, 0.7612752482359955, 0.7658344021786123, 0.7308271868669702, 0.7401518456382826, 0.7635598299985931, 0.7646866055447723, 0.7559751123193221, 0.7634871878639449, 0.7458089739484396, 0.7590420601173364, 0.7511539523949033, 0.7678830065905811, 0.7610183231012271, 0.7572026974229078, 0.7635598299985931]
train_loss -----> [0.6723687174743501, 0.6078425203652481, 0.586547691429007, 0.5687324270821991, 0.5611111208580544, 0.5524124429439722, 0.5493041024799797, 0.5425470168499849, 0.5339397872001793, 0.5314452279952991, 0.5341222441984693, 0.5293335266735252, 0.5210525550056189, 0.5275687538357319, 0.5183950713633197, 0.5255018952370126, 0.5293723450622698, 0.524053723456851, 0.5266712115726602, 0.518634200609032, 0.5205774356651565, 0.5232292565152689, 0.5181492399964213, 0.5196451668128147, 0.5170897954562003, 0.5178309258721454, 0.5108587115031219, 0.5218967973268122, 0.5170271302424911, 0.5122405707134283]
val_loss -----> [0.6060893651064453, 0.5653796630936698, 0.5528127355081542, 0.5392226582174903, 0.5517527557708124, 0.5268280387998697, 0.522449121416152, 0.5191706969394341, 0.5125343560635507, 0.5182715579196142, 0.5284880523209099, 0.5309571320409172, 0.510495555696187, 0.5091298809191129, 0.5095855292973218, 0.5074082572717926, 0.5015942160342187, 0.5091678384725038, 0.5053212194292396, 0.49955385104492994, 0.5015693986201072, 0.5053234170149037, 0.4985665823962236, 0.5114628115484303, 0.49500815476383175, 0.5055557326959059, 0.49602288101707487, 0.49718551941820094, 0.49988847286314597, 0.4945905197848071]
test_loss -----> [0.5409384108073003]
val_auc_roc -----> [0.735478389058373, 0.7830767183309104, 0.7967281587191088, 0.8082451219262504, 0.8083577322331646, 0.8156774021825924, 0.8221217829282774, 0.8248397862451629, 0.8281106037959911, 0.8227155463647345, 0.8311357261317336, 0.8302757928789336, 0.8320110153354763, 0.8320366085870478, 0.8308695563153908, 0.8318728117769907, 0.836223664544133, 0.8360137998812475, 0.8355889519051616, 0.8378462766937613, 0.8356452570586188, 0.8375801068774185, 0.8391464138735898, 0.8380612600069614, 0.8405949919125324, 0.8371143096988187, 0.8414293319137609, 0.8402418050408469, 0.8390491595176184, 0.8415982473741322]
val_auc_pr -----> [0.721542035073162, 0.7763264628907823, 0.7839952618399584, 0.7975690146230331, 0.7993744059467953, 0.8068966041848622, 0.8104514922137875, 0.8109354709994869, 0.8204194544989408, 0.8114580451186562, 0.8205657185464131, 0.8153685361984878, 0.8182582864943276, 0.8218156009102011, 0.8180909800703209, 0.8160707131408966, 0.8248006525335069, 0.8239605253056019, 0.8230393048565904, 0.8256356165766765, 0.8219270082172108, 0.8237165473456863, 0.8199407042493757, 0.825696145560114, 0.8286173602780711, 0.8218986492297843, 0.8268663968074315, 0.8311564715737166, 0.8257277027806151, 0.8278385982519006]
test_auc_roc -----> [0.8030151043468234]
test_auc_pr -----> [0.796473369417159]
cm -----> [[215  81]
 [ 79 214]]
--------
