--------
epochs_index -----> 29
train_acc -----> [0.6569293737411499, 0.6999546885490417, 0.7158061861991882, 0.726902186870575, 0.7321105003356934, 0.7432065010070801, 0.7366394996643066, 0.7423007488250732, 0.7407155632972717, 0.7375453114509583, 0.74388587474823, 0.7402626872062683, 0.74388587474823, 0.7502264380455017, 0.7441123127937317, 0.751358687877655, 0.754755437374115, 0.7434329986572266, 0.7583786249160767, 0.7436594367027283, 0.7572463750839233, 0.7395833134651184, 0.7565670013427734, 0.7540760636329651, 0.7509058117866516, 0.7477355003356934, 0.7429800629615784, 0.7579257488250732, 0.7590579986572266, 0.7531703114509583]
test_acc -----> [0.755517840385437]
val_acc -----> [0.7104072570800781, 0.7138009071350098, 0.7398189902305603, 0.7296379804611206, 0.7352941036224365, 0.7319004535675049, 0.7443438768386841, 0.7364253401756287, 0.7285068035125732, 0.7386877536773682, 0.7443438768386841, 0.7488687634468079, 0.7579185366630554, 0.7556561231613159, 0.7398189902305603, 0.7409502267837524, 0.7420814633369446, 0.7545248866081238, 0.7477375268936157, 0.7488687634468079, 0.7522624731063843, 0.7567873597145081, 0.7590497732162476, 0.7488687634468079, 0.7375565767288208, 0.7364253401756287, 0.7545248866081238, 0.733031690120697, 0.75, 0.7511312365531921]
train_f1_score -----> [0.6569183472120936, 0.6999417648698394, 0.7158057900852357, 0.7268911891299682, 0.732100487465536, 0.74320462050343, 0.7366265088677093, 0.7423006667757823, 0.7407085409760767, 0.7375441947097717, 0.7438855362277611, 0.7402498758307768, 0.7438615787014661, 0.7502264314637578, 0.744102025983886, 0.7513513463480725, 0.7547400232566281, 0.7434203219234612, 0.7583758303648553, 0.7436560501328817, 0.7572459236710747, 0.7395743007282762, 0.7565592218158743, 0.7540699781746167, 0.7509057410045591, 0.7477303277608867, 0.7429689827746779, 0.7579221321105305, 0.7590482790411839, 0.7531690191203457]
test_f1_score -----> [0.7542078125016072]
val_f1_score -----> [0.7093225731619026, 0.7095454926986935, 0.7397337379444495, 0.7292607146262446, 0.7350988578084869, 0.7318012615518508, 0.7441553069425917, 0.7346155927231238, 0.7252667514933369, 0.7381244539726539, 0.7420144578394181, 0.746898258050158, 0.7577945705344129, 0.7545997081491428, 0.7380814922242303, 0.7409472377265638, 0.7401608861100686, 0.7540461655069162, 0.7462800815539152, 0.7487131370706358, 0.7516188041016401, 0.7561554468575986, 0.7585798766494084, 0.7488482043329352, 0.7341546325144876, 0.7325063229243773, 0.7545170284767693, 0.7269433692020608, 0.7486410039254581, 0.7495608766512714]
train_loss -----> [0.6191406444902874, 0.5737475036926897, 0.5584927633728672, 0.5494150883801598, 0.542694819497241, 0.5317126460157441, 0.528249041393291, 0.5285582698179756, 0.5282364730331781, 0.5283483411252935, 0.5189509611387828, 0.5147223929888095, 0.5176985978918225, 0.5095604550957248, 0.5189426678462308, 0.5095072430760959, 0.5104267629052415, 0.5130823691632004, 0.5004822872849043, 0.5163396890882562, 0.5049936661793699, 0.5164867270791873, 0.5112706411198007, 0.5096060336176029, 0.5125068877486216, 0.5033592585528245, 0.513590949655011, 0.4981995143158279, 0.5057542469838391, 0.5077773247292083]
val_loss -----> [0.5706198328250165, 0.552950068368568, 0.5269035696983335, 0.5234258189663156, 0.5205557910171713, 0.5339269962933685, 0.5161711984389535, 0.5232733952569532, 0.516470572432956, 0.5219064938860972, 0.514207863995621, 0.5126132773117977, 0.5044364001568372, 0.5210011476600493, 0.5124065829021435, 0.5082434928631997, 0.5101159840553728, 0.50730816979666, 0.5070171040726139, 0.49743905059389154, 0.4983348810189481, 0.4907618881882848, 0.49457301508198975, 0.4943712132202613, 0.5117147394397235, 0.5094667162981122, 0.4949652363319655, 0.5235824703096271, 0.4977044741044172, 0.49485010647021976]
test_loss -----> [0.4953928414631534]
val_auc_roc -----> [0.7838701091296247, 0.8073851886734507, 0.8194293728629635, 0.8199412378943921, 0.8222906983886489, 0.8115466513789644, 0.8243432771646773, 0.8248090743432771, 0.8338332548473619, 0.8222804610880203, 0.8316527098134764, 0.8335312544788192, 0.8329374910423618, 0.8279519256362482, 0.8304907761921336, 0.827931451034991, 0.8330193894473905, 0.8298816568047337, 0.836223664544133, 0.8357988165680472, 0.8384246841792757, 0.8438504535124177, 0.8390030916647899, 0.8381841076145042, 0.8398425503163326, 0.8436661821011036, 0.8391617698245326, 0.8450379803853321, 0.8429239778055322, 0.8465172703261604]
val_auc_pr -----> [0.7779416014561386, 0.8019412662789314, 0.8159537802881391, 0.8190512111310644, 0.8219416737405149, 0.8145057629171945, 0.8216279306713716, 0.8211954875072628, 0.8347838415935073, 0.823794223520767, 0.8283945563735131, 0.8328883663289353, 0.8277608880628902, 0.8290465555566431, 0.8303178596006728, 0.8290838318053396, 0.8337699177393693, 0.8278194201947575, 0.8328429745867079, 0.8338667892797151, 0.8370783545639384, 0.84294871167616, 0.8378282957250156, 0.838207827948804, 0.8395919667546274, 0.8438369199667708, 0.8378458657493099, 0.8427231371562451, 0.845022318674922, 0.8452141150309552]
test_auc_roc -----> [0.8478035281909374]
test_auc_pr -----> [0.8582853666328633]
cm -----> [[201  50]
 [ 94 244]]
--------
