--------
epochs_index -----> 15
train_acc -----> [0.6791808873720138, 0.7832764505119454, 0.8131399317406139, 0.818259385665529, 0.8199658703071672, 0.8071672354948805, 0.8302047781569966, 0.8114334470989762, 0.8370307167235487, 0.8208191126279863, 0.8276450511945391, 0.8412969283276455, 0.8489761092150172, 0.8430034129692835, 0.8148464163822519, 0.8344709897610922]
test_acc -----> [0.8630952380952382]
val_acc -----> [0.7857142857142855, 0.8005952380952379, 0.8660714285714286, 0.827380952380952, 0.8273809523809522, 0.8363095238095238, 0.8273809523809523, 0.8333333333333331, 0.842261904761905, 0.8154761904761901, 0.8541666666666667, 0.8571428571428571, 0.8392857142857141, 0.8363095238095236, 0.8452380952380951, 0.830357142857143]
train_f1_score -----> [0.260978380982461, 0.5541524385607887, 0.6564277504390597, 0.6691695022362725, 0.6939704120431368, 0.6646188767201746, 0.7067121640092532, 0.6497155779421881, 0.7046643825726963, 0.7014789446007965, 0.6997724599034318, 0.7164960092749906, 0.734698511991259, 0.6941654392558261, 0.6819925154238388, 0.731740605206371]
test_f1_score -----> [0.7698412609953701]
val_f1_score -----> [0.5743764098733156, 0.5794217613944973, 0.7218820771685053, 0.6529478374561194, 0.6462018059953393, 0.7138321907001366, 0.717006793776393, 0.6827097419971915, 0.6980725535110974, 0.7085600820131831, 0.7085033925102202, 0.7206916010630818, 0.7213718730569485, 0.6477891074824423, 0.7092970432595589, 0.7553854783592148]
train_loss -----> [0.5747481304834323, 0.47848564482996514, 0.4425953607306953, 0.41215276468939327, 0.4098168659077978, 0.42551196567434485, 0.395051316469399, 0.39532048173833634, 0.3649508527165386, 0.3949352477012844, 0.38037481985401395, 0.3651635526924207, 0.35041424222671946, 0.3730092545647059, 0.38420963003824604, 0.370737723294175]
val_loss -----> [0.552354664674827, 0.5173009534676871, 0.4563241049292541, 0.4476294462524709, 0.4439762972650073, 0.4478626439259165, 0.4589887392662822, 0.4265964471158527, 0.42713671621112587, 0.4368193186819554, 0.4000463214303767, 0.3920437374285288, 0.4121531214387644, 0.3875324575319177, 0.3832374844877492, 0.41638307104862876]
test_loss -----> [0.38754651305221377]
cm -----> [[83  2]
 [21 62]]
--------
