--------
epochs_index -----> 15
train_acc -----> [0.6808873720136515, 0.7593856655290099, 0.7935153583617746, 0.803754266211604, 0.8114334470989764, 0.8174061433447101, 0.808873720136519, 0.8233788395904438, 0.8267918088737198, 0.8276450511945389, 0.8353242320819111, 0.8139931740614336, 0.8208191126279866, 0.8233788395904433, 0.8242320819112627, 0.8327645051194538]
test_acc -----> [0.8214285714285715]
val_acc -----> [0.7410714285714288, 0.7738095238095237, 0.8095238095238094, 0.8214285714285711, 0.8244047619047618, 0.8154761904761907, 0.8214285714285713, 0.8363095238095238, 0.8154761904761902, 0.8541666666666666, 0.8422619047619045, 0.8422619047619044, 0.824404761904762, 0.8095238095238096, 0.8660714285714283, 0.8452380952380955]
train_f1_score -----> [0.27667803937885843, 0.48646188192635587, 0.5949943038562763, 0.6207053388718431, 0.654721265754873, 0.6742889559984837, 0.6573378756448995, 0.6691695023526549, 0.6893060209014226, 0.6870307080988625, 0.7103526645050627, 0.6891922551035646, 0.6681456117299585, 0.6857792860206863, 0.6541524377974406, 0.6978384441733596]
test_f1_score -----> [0.6920634834662699]
val_f1_score -----> [0.41507935962757947, 0.4967120117230996, 0.5842970448357494, 0.6242630305575264, 0.6473922819627338, 0.688321987182892, 0.6256802642197926, 0.6375850259162215, 0.6872448892910754, 0.672278903129616, 0.6659296969183071, 0.659297043793091, 0.6415532798365258, 0.6381519193417856, 0.7357709657056745, 0.692233551363858]
train_loss -----> [0.5739593389904943, 0.503576328730013, 0.4643182284596022, 0.4376923573607065, 0.4199871592249069, 0.42109769112319234, 0.4201657708746989, 0.4060277041721668, 0.38878792318366084, 0.3833728790308633, 0.373795400325959, 0.39402624112855833, 0.39314154220217323, 0.3835209978699885, 0.394600561657863, 0.37592304000828075]
val_loss -----> [0.57866846060469, 0.5300216337754616, 0.48804075040277983, 0.46179444644422774, 0.4494272420803705, 0.4822320950527986, 0.44082251208878703, 0.41837500523598425, 0.44267672353557186, 0.39618131571582393, 0.4177487632703215, 0.40509652284284436, 0.4207540048020225, 0.4342276814083258, 0.4023604815204939, 0.3941043368762448]
test_loss -----> [0.4051036691027028]
cm -----> [[89 15]
 [15 49]]
--------
