--------
epochs_index -----> 29
train_acc -----> [0.6186594367027283, 0.6725543737411499, 0.6899909377098083, 0.7056159377098083, 0.7019927501678467, 0.7108242511749268, 0.7090126872062683, 0.7087862491607666, 0.7076539993286133, 0.7169383764266968, 0.7096920013427734, 0.7160326242446899, 0.7284873127937317, 0.7316576242446899, 0.7178441882133484, 0.7207880616188049, 0.72826087474823, 0.7216938138008118, 0.7346014380455017, 0.7284873127937317, 0.7223731875419617, 0.7194293737411499, 0.7253170013427734, 0.7259963750839233, 0.7298460006713867, 0.7244112491607666, 0.7300724387168884, 0.7239583134651184, 0.7334691882133484, 0.7289401888847351]
test_acc -----> [0.7079796195030212]
val_acc -----> [0.679864227771759, 0.692307710647583, 0.7058823704719543, 0.6979637742042542, 0.7104072570800781, 0.7126696705818176, 0.7138009071350098, 0.7081447839736938, 0.7149321436882019, 0.7171945571899414, 0.726244330406189, 0.7149321436882019, 0.7183257937431335, 0.7160633206367493, 0.7160633206367493, 0.720588207244873, 0.7138009071350098, 0.7183257937431335, 0.7194570302963257, 0.7251130938529968, 0.7183257937431335, 0.7138009071350098, 0.7183257937431335, 0.7138009071350098, 0.7183257937431335, 0.7217194437980652, 0.7183257937431335, 0.7115384340286255, 0.7217194437980652, 0.7239819169044495]
train_f1_score -----> [0.6169383634901671, 0.6724766820145136, 0.6899905395993695, 0.7055893056245348, 0.7019178499845389, 0.7107494994480861, 0.7089287178359844, 0.7086999469867299, 0.7075825895371329, 0.7168100864098509, 0.7096786252602822, 0.71598693103997, 0.7282765096359967, 0.731562774777657, 0.7178135787100954, 0.7207817241884891, 0.7281925679339478, 0.7216474602741039, 0.7345617531958952, 0.7284388393154126, 0.722311155348059, 0.7193722273728465, 0.72530957252778, 0.7259639951548514, 0.72980409675529, 0.7243918788258086, 0.7300258872929718, 0.7238461593023311, 0.7334661226709873, 0.7289385305079881]
test_f1_score -----> [0.7068227018522787]
val_f1_score -----> [0.6783325890157216, 0.6895041272621153, 0.703574537308078, 0.6948709446379421, 0.709066968843043, 0.7111557015042572, 0.7124316073180923, 0.7066069724727673, 0.7137835287691527, 0.7160550880249341, 0.7249773687110357, 0.7142871750611558, 0.7172311946857541, 0.7151882679710353, 0.7149599593418898, 0.7190693579161322, 0.7124316073180923, 0.7173851308730768, 0.7181586259104674, 0.7233283696614574, 0.7165991748729976, 0.7118358157026176, 0.7165991748729976, 0.7113776655499793, 0.7163917711067188, 0.7206771599523031, 0.7164969715047005, 0.7096655733479436, 0.7205163349755401, 0.7225275240829825]
train_loss -----> [0.6572143348014872, 0.6149226028094262, 0.5990096449420075, 0.5849745134296618, 0.5784637496091327, 0.5761899011938466, 0.5694635333898274, 0.5716289516700349, 0.5684880381045133, 0.5611856246124148, 0.5593306878446677, 0.5616469029607114, 0.5525049020306796, 0.5483676558225475, 0.5601574489711849, 0.5553395928464079, 0.5410185784263458, 0.5507997996241284, 0.5435471787940763, 0.5486378603061481, 0.5484174116636092, 0.5507363473213668, 0.5469742371714202, 0.544912998632028, 0.5461763336552659, 0.5493622995589087, 0.5395095811859859, 0.5450295450948716, 0.5360089483522409, 0.5482391399209918]
val_loss -----> [0.6425004622957728, 0.6185730153375916, 0.6079142160780794, 0.6018481029046548, 0.5936962602374787, 0.5902304968855404, 0.5861089189310333, 0.586614155017578, 0.5828632519051834, 0.5815568415968264, 0.5774727836922485, 0.5769137944187129, 0.5767980677050514, 0.5756871039802963, 0.5747589485065359, 0.5714175926672445, 0.5696518864180589, 0.5686621204152834, 0.5698339641094208, 0.5710912580425677, 0.5676804904465201, 0.5689183731336852, 0.5694439929347856, 0.569115952597008, 0.5654267582807454, 0.5669509070413605, 0.5662599302626942, 0.5653575409103083, 0.5619453889829621, 0.5614092943367656]
test_loss -----> [0.579712535481195]
val_auc_roc -----> [0.7236747814336316, 0.7466677586454004, 0.7536342417231425, 0.7569869576789992, 0.7644499498372269, 0.7683196494748263, 0.7710734833439119, 0.7695174136483691, 0.7718617554923117, 0.7736686390532546, 0.7786388485084254, 0.7775946438443111, 0.7770520669109969, 0.7771697958682255, 0.7786286112077967, 0.7831893286378248, 0.7847300423824246, 0.7844382793145104, 0.784663499928339, 0.7832763456931677, 0.7880981142892243, 0.7866597735509101, 0.7859841117094245, 0.78802133453451, 0.789459675272824, 0.7865574005446243, 0.7883489281546242, 0.7896081161319383, 0.7923107634978808, 0.7932628324563379]
val_auc_pr -----> [0.7065317974187835, 0.7342420135830816, 0.7416037457564142, 0.7447412963753082, 0.7555030191862275, 0.7592445786383374, 0.7592262427191856, 0.7565981243039592, 0.762302100918685, 0.7617930331633672, 0.7690692363191158, 0.7682587635701223, 0.7676343150478151, 0.7705189256000708, 0.7736679603992167, 0.7801568823268683, 0.7782797133284176, 0.778775544461687, 0.7797443813703961, 0.7775873569830605, 0.7830856361378709, 0.7818526173844745, 0.7796219593539114, 0.7830576571813871, 0.7842440124845742, 0.7780435334210737, 0.7837015587407634, 0.7864466149929508, 0.7860722901071764, 0.7893377727309812]
test_auc_roc -----> [0.7651389369307044]
test_auc_pr -----> [0.7422733931191807]
cm -----> [[190  68]
 [104 227]]
--------
