--------
epochs_index -----> 39
train_acc -----> [0.6820882558822632, 0.7396010160446167, 0.7400254607200623, 0.7548811435699463, 0.7623090147972107, 0.7659168243408203, 0.7676146030426025, 0.7758913636207581, 0.7892614603042603, 0.7915959358215332, 0.7977504134178162, 0.8073005080223083, 0.8128183484077454, 0.8206706047058105, 0.8215195536613464, 0.8295840620994568, 0.8285229206085205, 0.8259762525558472, 0.8370118737220764, 0.8401952385902405, 0.8510186672210693, 0.8431664109230042, 0.8535653352737427, 0.854626476764679, 0.8586587309837341, 0.8648132681846619, 0.8675721287727356, 0.8730899691581726, 0.8675721287727356, 0.8724533319473267, 0.884337842464447, 0.8775466680526733, 0.8747877478599548, 0.8817911744117737, 0.8864601254463196, 0.8853989839553833, 0.8858234286308289, 0.8858234286308289, 0.8932512998580933, 0.9008913636207581]
test_acc -----> [0.8471986651420593]
val_acc -----> [0.7079796195030212, 0.735144317150116, 0.7130730152130127, 0.7521222233772278, 0.7623090147972107, 0.7775891423225403, 0.7826825380325317, 0.7775891423225403, 0.7894737124443054, 0.7911714911460876, 0.8064516186714172, 0.7996604442596436, 0.8166383504867554, 0.8115450143814087, 0.7674023509025574, 0.8115450143814087, 0.8183361887931824, 0.8302206993103027, 0.825127363204956, 0.8353140950202942, 0.8387096524238586, 0.8421052694320679, 0.8285229206085205, 0.8556876182556152, 0.8421052694320679, 0.8387096524238586, 0.825127363204956, 0.8404074907302856, 0.8149405717849731, 0.8488964438438416, 0.8285229206085205, 0.8421052694320679, 0.833616316318512, 0.8353140950202942, 0.853989839553833, 0.8353140950202942, 0.8421052694320679, 0.853989839553833, 0.8353140950202942, 0.8505942225456238]
train_f1_score -----> [0.6819872171364175, 0.7395240426776393, 0.7399664233583675, 0.7548254845948545, 0.7622334321106703, 0.7658406059738543, 0.7675459055188669, 0.7758200928470516, 0.7891757597656008, 0.7915164441336482, 0.7976499413602053, 0.8072270172130138, 0.812700871379089, 0.8206122490999379, 0.8214131458375029, 0.8295117875093465, 0.8284575213743186, 0.8258914101890396, 0.8369262110623236, 0.8401158497837173, 0.8509713100451612, 0.8430336890641053, 0.8535292353596196, 0.8545769057283541, 0.8586024673301926, 0.8647789802435174, 0.8675339678540744, 0.8730619638807824, 0.8675051009600501, 0.8724156043337645, 0.8843053352997685, 0.8775156535327016, 0.8747290706249462, 0.8817430976923218, 0.8864357451665916, 0.885370704846004, 0.8857921295607876, 0.885779882609842, 0.8932321825192742, 0.9008543580491953]
test_f1_score -----> [0.8471241644092686]
val_f1_score -----> [0.7014663191426103, 0.7348071988598276, 0.7049036910591611, 0.7507940321866909, 0.7606524970397643, 0.7775660471238036, 0.7821544101489005, 0.7749318115571993, 0.7885466076172711, 0.7902986255820729, 0.806290239386342, 0.7987782231351603, 0.8157455632959071, 0.8098259036518651, 0.7625733698067578, 0.8114384548494151, 0.8181663380203139, 0.8301810582872249, 0.8249638579062906, 0.8342130489160245, 0.8384843370083204, 0.8415131957125205, 0.8274705943257468, 0.8551464687681118, 0.8416945742143151, 0.83867991205621, 0.8232936473198209, 0.839384756774582, 0.8116372292826077, 0.8485034095159865, 0.8267248385372505, 0.8416945742143151, 0.8335774370208197, 0.8352666022434094, 0.8536823446595574, 0.8335872209721098, 0.8411362894283061, 0.8538680740902889, 0.8333464545946199, 0.8497936612462136]
train_loss -----> [0.6025027104847906, 0.5397690472608921, 0.5275471801719356, 0.5113036464931403, 0.4929626090088398, 0.4795560355571767, 0.47427561869038365, 0.46174638991280503, 0.44491027585896464, 0.4413977508798418, 0.43458295511066, 0.41288300810448214, 0.4101198208225804, 0.4018017545861081, 0.39804897968086533, 0.3815783133606964, 0.38289300724863967, 0.3739482011260218, 0.35905323720557664, 0.3608181545438156, 0.34734825263865604, 0.3462430702329495, 0.3355518418580847, 0.3317518564058127, 0.3214812231881003, 0.3192820629936682, 0.31086339608960645, 0.3018561255863549, 0.3064168314868506, 0.2981347768837891, 0.2848558365312014, 0.28921383215550917, 0.2877827968340876, 0.2744726359299488, 0.2755177532985225, 0.2720421521635082, 0.2679945479814403, 0.26587291568255217, 0.24888514072013823, 0.24955868826276234]
val_loss -----> [0.5371424296015018, 0.5282613741787702, 0.5642954352739693, 0.49470773963509374, 0.4968212190512065, 0.49797845752658076, 0.48965924364086744, 0.4885598344577326, 0.4622159692886715, 0.5207553300503138, 0.4835075308140869, 0.4572052672706747, 0.4734964599782549, 0.4918855062207661, 0.6317555339553874, 0.453212762503205, 0.42470630681192534, 0.4417033550908437, 0.5174975426917946, 0.4503565502881601, 0.46800000769262373, 0.48165525657099656, 0.4875610705364396, 0.4579835321653533, 0.49964225752203645, 0.45360696164110825, 0.4864386017056737, 0.5638651656823837, 0.6091825134825668, 0.46259281214175596, 0.6463860932838269, 0.5014319172053522, 0.47761170057630226, 0.44423812393703166, 0.4539415498792722, 0.5296113674176507, 0.5288369733638857, 0.46011139609775425, 0.5862553637424434, 0.5225349241754392]
test_loss -----> [0.5074608286565827]
val_auc_roc -----> [0.8143087743572006, 0.8148160959298973, 0.8298282024674276, 0.8358699411968178, 0.8404243053153464, 0.8450132595411045, 0.8566585956416465, 0.8604289173296438, 0.8646373803758791, 0.8580883200737922, 0.8692378646373804, 0.874195780006918, 0.8743456704715785, 0.8795226565202353, 0.8806987201660326, 0.8854375648564511, 0.8920673354087397, 0.8941427418424998, 0.8913063530496944, 0.9002536607863484, 0.8979822437449555, 0.8969214804565895, 0.8923382912487029, 0.9028479188285483, 0.9007033321803297, 0.9007263922518159, 0.8971751412429378, 0.9020408163265305, 0.8948345439870863, 0.909685230024213, 0.8951516199700218, 0.900737922287559, 0.9062492793727661, 0.9159690995042085, 0.9085206964141589, 0.9041911679926208, 0.9077135939121411, 0.9120834774587802, 0.9128271647642108, 0.9089818978438833]
val_auc_pr -----> [0.7971342779300734, 0.7980498150881745, 0.8217174762929396, 0.8191301003995743, 0.8254620643384211, 0.8312725647360775, 0.8363145194668673, 0.8327652497153758, 0.8307660078139966, 0.8239400704115183, 0.8469005995370347, 0.8427777625034997, 0.8443325256841021, 0.8581381379095647, 0.8660955124654541, 0.8616126959982423, 0.8715516796552331, 0.8668269098291086, 0.8615085775344602, 0.8694155140658099, 0.8641612085923107, 0.866460369123558, 0.8644925913613833, 0.8720985498787134, 0.8762787900982971, 0.8773864866841733, 0.8734935628382796, 0.8733429510212124, 0.8626144013933069, 0.8823533183152583, 0.8677406495116373, 0.8766116015468289, 0.8833396450397534, 0.8990201128769255, 0.8806832212473209, 0.8772281395654143, 0.8858719782002071, 0.889053913877822, 0.8888149926648409, 0.8828765243323375]
test_auc_roc -----> [0.9108151735270378]
test_auc_pr -----> [0.8965196648776869]
cm -----> [[243  38]
 [ 52 256]]
--------
