--------
epochs_index -----> 29
train_acc -----> [0.7323369383811951, 0.8552989363670349, 0.9275362491607666, 0.953125, 0.9725996255874634, 0.9814311861991882, 0.98097825050354, 0.9859601259231567, 0.9716938138008118, 0.9791666865348816, 0.9859601259231567, 0.9875453114509583, 0.9850543737411499, 0.9923007488250732, 0.989130437374115, 0.9889039993286133, 0.9859601259231567, 0.9886775612831116, 0.9927536249160767, 0.9941123127937317, 0.99048912525177, 0.9916213750839233, 0.9934329986572266, 0.9923007488250732, 0.98777174949646, 0.9886775612831116, 0.9923007488250732, 0.9923007488250732, 0.9879981875419617, 0.9900362491607666]
test_acc -----> [0.8200339674949646]
val_acc -----> [0.7895927429199219, 0.807692289352417, 0.8190045356750488, 0.7828054428100586, 0.8303167223930359, 0.8257918357849121, 0.7918552160263062, 0.8223981857299805, 0.8212669491767883, 0.8099547624588013, 0.8065611124038696, 0.8009049892425537, 0.8223981857299805, 0.8257918357849121, 0.8269230723381042, 0.8122171759605408, 0.8054298758506775, 0.8178732991218567, 0.8303167223930359, 0.8031674027442932, 0.814479649066925, 0.8133484125137329, 0.7771493196487427, 0.8110859990119934, 0.8133484125137329, 0.8325791954994202, 0.820135772228241, 0.8190045356750488, 0.8167420625686646, 0.837104082107544]
train_f1_score -----> [0.7321826421456172, 0.8552655912430167, 0.9275340864644903, 0.953124800293911, 0.9725995638281302, 0.9814310934750746, 0.9809782207499116, 0.985960093845907, 0.9716938341237904, 0.9791666573889595, 0.985960137043256, 0.9875452791025873, 0.9850543397560204, 0.9923007054198929, 0.9891304208599911, 0.9889039753818055, 0.9859601370432601, 0.9886775219376762, 0.9927536122384828, 0.9941123138360785, 0.9904891234794555, 0.9916213713774538, 0.9934329656732412, 0.9923007133161709, 0.9877717240930557, 0.9886775312274074, 0.9923007133161741, 0.9923007196331882, 0.9879981778623226, 0.9900362268795742]
test_f1_score -----> [0.8198839064439107]
val_f1_score -----> [0.7895399688717231, 0.8076292832578125, 0.8178624543852466, 0.7773802042390057, 0.830246355393562, 0.8254693467441503, 0.790891882449863, 0.8223925030852759, 0.8210608797923757, 0.8081388989912035, 0.8063804583237972, 0.7980005663221701, 0.8211787454010478, 0.825769554568111, 0.8265125840284251, 0.8108188894087762, 0.8054258754077603, 0.8173119947915923, 0.8301463304510651, 0.8027220955149157, 0.8142657235193093, 0.8105731456917021, 0.7698911298835169, 0.8110663843598667, 0.8129844103593153, 0.8325097372547071, 0.8199142801527872, 0.8182752545350912, 0.8165307756103315, 0.8370031141740889]
train_loss -----> [0.5452581462382831, 0.33880978364976605, 0.17754787853408613, 0.12376373544509038, 0.08437290876467474, 0.05265494556274329, 0.05891782940210224, 0.0407341417227514, 0.08775580651103727, 0.06556626493800478, 0.057094435544951146, 0.039333529349603956, 0.05921854098696989, 0.022255639878979674, 0.03609248888292448, 0.03763424436772291, 0.06233970220531737, 0.048594331939380356, 0.0357222034443556, 0.020189972465836356, 0.04196910006796561, 0.03879363710576737, 0.0231457021314034, 0.026423715947742118, 0.046161374457965566, 0.06562916813668129, 0.030331152796323795, 0.03196456701453852, 0.060364416635043786, 0.036663241798754305]
val_loss -----> [0.4663619012446018, 0.4243479425439963, 0.5479851040636765, 0.8703229998401995, 0.5805904944616092, 0.7383207356387345, 0.9610952887071089, 1.072062673817261, 0.8574094853323551, 1.182599849497107, 1.186213306721477, 1.3912221871585988, 1.0234838322569044, 1.2392220299316987, 1.2064334045883756, 1.7495620463260013, 1.646672694214446, 1.507590391972243, 1.3936613458668443, 1.8755753028108335, 1.5045767460889596, 1.5649129791894343, 2.3396749355285236, 1.7815145101479195, 2.156363247005883, 1.5457296192370444, 1.652793529527534, 2.1207036303984435, 2.30816278543608, 1.8987431116975821]
test_loss -----> [2.1650557067928142]
val_auc_roc -----> [0.868860178948015, 0.8970281116275259, 0.8954873978829261, 0.8862354374398559, 0.9088445158780533, 0.9137200303024098, 0.8924545975717123, 0.8998484879506972, 0.9006469973997256, 0.8887589320447985, 0.8984229438381688, 0.8906835445629697, 0.9038589504719395, 0.9076672263057677, 0.9026202370958826, 0.8896086279969697, 0.8837119428349134, 0.8936753956716693, 0.9071016154460392, 0.8985560287463401, 0.9012842693638541, 0.9023719825556397, 0.8909471550541552, 0.8940951249974407, 0.8927770725415122, 0.9072372596793676, 0.9032779836612682, 0.905627444155525, 0.8946146680043406, 0.9045243750127966]
val_auc_pr -----> [0.8656147421307334, 0.8911116427412987, 0.8854968566163982, 0.876580015973934, 0.9000971301154425, 0.9082653120911678, 0.8861801261078464, 0.8893425478249235, 0.8931271596163983, 0.8755880691019788, 0.8978405848873369, 0.8744909572483086, 0.8944205182306876, 0.9004909854709648, 0.8898514656189213, 0.8641986587103156, 0.8662522631316085, 0.8705371475830055, 0.8912440762919756, 0.8790079743528619, 0.8849282815062329, 0.8828598180156813, 0.8521320792388389, 0.8753638538297567, 0.886498824557702, 0.8920386259860831, 0.8982661559911481, 0.8980301478752595, 0.8808700564350987, 0.8815147054367641]
test_auc_roc -----> [0.8954686959529575]
test_auc_pr -----> [0.8745256925233896]
cm -----> [[233  45]
 [ 61 250]]
--------
