--------
epochs_index -----> 15
train_acc -----> [0.6407849829351534, 0.7619453924914678, 0.7994880546075085, 0.8046075085324236, 0.8284982935153576, 0.8387372013651881, 0.8438566552901026, 0.838737201365188, 0.8097269624573376, 0.8464163822525598, 0.8464163822525597, 0.8481228668941976, 0.8506825938566548, 0.848122866894198, 0.8233788395904436, 0.8421501706484638]
test_acc -----> [0.9345238095238095]
val_acc -----> [0.7827380952380953, 0.8392857142857144, 0.8422619047619049, 0.8660714285714287, 0.8511904761904763, 0.880952380952381, 0.8779761904761902, 0.8898809523809524, 0.8690476190476188, 0.9077380952380955, 0.8958333333333335, 0.8988095238095237, 0.9017857142857142, 0.8898809523809523, 0.9107142857142855, 0.9077380952380955]
train_f1_score -----> [0.19442548081004932, 0.5227531216364433, 0.6336746221036971, 0.6583617663051765, 0.6874857705917138, 0.7176336655613766, 0.6952218345096702, 0.7226393538838647, 0.6622297983424532, 0.7200227442078307, 0.7146757591140124, 0.7030716638076984, 0.7246871355746107, 0.7244596042227153, 0.7019015027063759, 0.6984072724416377]
test_f1_score -----> [0.8219954551406435]
val_f1_score -----> [0.5900793576552913, 0.6626984044142197, 0.6476190394117064, 0.7011904675367064, 0.6305555475866405, 0.7218253879222886, 0.7265872925472886, 0.7821428475621692, 0.6682539599212964, 0.7805555460370374, 0.7503968161931216, 0.7309523720853174, 0.7996031649553572, 0.7947278816480335, 0.7984126886527778, 0.7924603077896828]
train_loss -----> [0.6283045351098419, 0.5108411979349798, 0.4637405731979081, 0.43138151704858185, 0.40136244631159435, 0.39427097469771677, 0.37377708506970686, 0.3763682202470993, 0.420916393411953, 0.3713941904668518, 0.3747480428259527, 0.36804279855392086, 0.3591853973071122, 0.358590158408209, 0.3836757869494654, 0.3678881809776554]
val_loss -----> [0.5323207204540573, 0.44366056649457847, 0.4030179602227041, 0.3595416054484389, 0.3431102976735149, 0.3219463124516465, 0.31513014661946465, 0.30662974883757893, 0.31067057659051245, 0.2955737692703093, 0.30053321786579634, 0.2832189464187692, 0.30020594823041136, 0.3183664628082798, 0.27554220535481977, 0.27915418387523716]
test_loss -----> [0.21679230539926467]
cm -----> [[95  2]
 [ 9 62]]
--------
