--------
epochs_index -----> 39
train_acc -----> [0.6020798087120056, 0.6621392369270325, 0.6878183484077454, 0.676570475101471, 0.6888794302940369, 0.6869694590568542, 0.6922750473022461, 0.689091682434082, 0.698429524898529, 0.6975806355476379, 0.6965195536613464, 0.7058573961257935, 0.6965195536613464, 0.7107385396957397, 0.7020373344421387, 0.7022495865821838, 0.696943998336792, 0.7077674269676208, 0.7107385396957397, 0.7005518078804016, 0.7221986651420593, 0.7052206993103027, 0.7096773982048035, 0.703098475933075, 0.7020373344421387, 0.7009762525558472, 0.7122241258621216, 0.7026740312576294, 0.6943972706794739, 0.7120118737220764, 0.7111629843711853, 0.6939728260040283, 0.7190153002738953, 0.7067062854766846, 0.7081918716430664, 0.7041596174240112, 0.7128607630729675, 0.7041596174240112, 0.7088285088539124, 0.7096773982048035]
test_acc -----> [0.706281840801239]
val_acc -----> [0.6842105388641357, 0.7028862237930298, 0.6672325730323792, 0.6960950493812561, 0.6994906663894653, 0.7028862237930298, 0.6893039345741272, 0.6960950493812561, 0.6910017132759094, 0.6960950493812561, 0.6977928876876831, 0.6893039345741272, 0.6960950493812561, 0.7028862237930298, 0.6910017132759094, 0.6977928876876831, 0.7079796195030212, 0.7045840620994568, 0.6960950493812561, 0.7045840620994568, 0.7130730152130127, 0.6960950493812561, 0.6960950493812561, 0.6926994919776917, 0.6994906663894653, 0.706281840801239, 0.7130730152130127, 0.7028862237930298, 0.7130730152130127, 0.7045840620994568, 0.7079796195030212, 0.7113752365112305, 0.7113752365112305, 0.6977928876876831, 0.7130730152130127, 0.7096773982048035, 0.7130730152130127, 0.7045840620994568, 0.7028862237930298, 0.7181664109230042]
train_f1_score -----> [0.6008739252497909, 0.6620558655148269, 0.6878065059390488, 0.6765590324963591, 0.6888785548956262, 0.6869694206268309, 0.6922550228108231, 0.6890395618332033, 0.6984291970312422, 0.6975577420499166, 0.6965102794420104, 0.7058128076725962, 0.6964976484727973, 0.7107369584903467, 0.702031978359017, 0.702249235288358, 0.6969404735553715, 0.7077331593004939, 0.7106690916556404, 0.7005138882690292, 0.7221920178017802, 0.7051499401612353, 0.709662297871233, 0.7030968489421472, 0.702003792759466, 0.7009438863249084, 0.7121966752293801, 0.7026642561981477, 0.6942857489334411, 0.7119224965421608, 0.7110689628477704, 0.6939461437489347, 0.7189601378682781, 0.7066677523536391, 0.7081520833003401, 0.7040208957164451, 0.712836861827608, 0.7041382669866711, 0.7088053828191172, 0.7096334204949848]
test_f1_score -----> [0.7050541664748338]
val_f1_score -----> [0.6825184259387443, 0.7026084999587108, 0.6651001365786451, 0.6960810546328255, 0.6994594700187693, 0.7023061654729105, 0.6875603237162042, 0.695589652696653, 0.6894971563972927, 0.6956704920729524, 0.697247436481233, 0.689013460187798, 0.6954067270050739, 0.7023061654729105, 0.6864455315000928, 0.6975409029179321, 0.7061082825077507, 0.7039619582910384, 0.6954067270050739, 0.7042080300788935, 0.7128047797887163, 0.6955017350842561, 0.6946869674120921, 0.6894771898436335, 0.6984859608957663, 0.7057933513205097, 0.7116065972157282, 0.7023921184458908, 0.7128611145045711, 0.7038661531028629, 0.7076754335782298, 0.7112745047818423, 0.7111878944649667, 0.6951345705920351, 0.712910803256486, 0.7088179379053663, 0.7128611145045711, 0.7032831449704723, 0.7022132804793331, 0.7175729025065007]
train_loss -----> [0.6637724584857146, 0.6191450454079644, 0.6014248310305269, 0.5978603879138449, 0.5895807869061955, 0.582782729777092, 0.5809670753511387, 0.5819713509244712, 0.5746811471993325, 0.5762611540043907, 0.5754611777783659, 0.5651362757933774, 0.5705403607142597, 0.5663052785679928, 0.5823973099525591, 0.5706969302002164, 0.5756470177999377, 0.5748552811317813, 0.5684693466068733, 0.5750436145552953, 0.5581176464140724, 0.5633471732886416, 0.5710393173686513, 0.5682382160111479, 0.568239854329308, 0.573977178395907, 0.5587168588652469, 0.5665799944024336, 0.5770505471929833, 0.5638929566270425, 0.562653788964696, 0.5755747736815892, 0.5606994515566349, 0.5658813721305851, 0.5607888185006449, 0.5724003269686563, 0.5648812970908669, 0.5665230752555545, 0.5611058241341436, 0.5623894297408739]
val_loss -----> [0.6381329708808178, 0.6151675509439931, 0.610277051861222, 0.5911628491169699, 0.5873211259777483, 0.5891876764394143, 0.5862851505343981, 0.5839734649336017, 0.5768161734213699, 0.5739224134264767, 0.5771561712026595, 0.5715566076136925, 0.5637396348489302, 0.5670648076244303, 0.5758295546512348, 0.5658352950940262, 0.5707026711992316, 0.5609644707795733, 0.5737213661541813, 0.5648119804021475, 0.5660798477159965, 0.5625120175851358, 0.5669965071452632, 0.5754949788789491, 0.5668891905932812, 0.5625221278216389, 0.5629947334527968, 0.5620458556993592, 0.5547068340552822, 0.5599736466601085, 0.561114256446426, 0.5566938261728028, 0.5540719894138542, 0.5667946068821728, 0.5585228031551517, 0.5606850454130688, 0.5592040387359825, 0.5603768257675942, 0.5565793921013132, 0.552847684235186]
test_loss -----> [0.5875220363204539]
val_auc_roc -----> [0.7289634497866944, 0.754836849994235, 0.7507436873054306, 0.7704139282831777, 0.7679810907413813, 0.7654790729851263, 0.7666666666666667, 0.7662400553441715, 0.7754756139744033, 0.7755793842960914, 0.7716245820362043, 0.7766632076559437, 0.7849071832122679, 0.7831892078865444, 0.782301395134325, 0.7820707944194627, 0.7827741265997925, 0.7882163034705408, 0.7762020062262193, 0.7830969676005995, 0.7791191052692263, 0.7857258157500289, 0.783546638994581, 0.7746454514008994, 0.7794073561628041, 0.7842384411391675, 0.7864522080018447, 0.7849648333909836, 0.7918252046581344, 0.7881817133633116, 0.7880664130058803, 0.7929666781967024, 0.7946846535224259, 0.7846304623544331, 0.7871786002536607, 0.7854721549636803, 0.7900380491179522, 0.7884930243283754, 0.7920096852300242, 0.7963103885622046]
val_auc_pr -----> [0.7019615395370888, 0.7269001575075629, 0.7183859026328008, 0.7470098439454902, 0.7391147012105421, 0.7371578580447695, 0.7381769465064242, 0.7387551012552125, 0.7526936491286712, 0.7525658648563702, 0.7473666645336049, 0.7557931257600751, 0.7620466940531947, 0.7594307279258792, 0.7585661898773595, 0.7547131603809853, 0.7641537807730161, 0.7688347968802682, 0.758642511426892, 0.7645014338046253, 0.7553071691579899, 0.7663469622413772, 0.7574134315340625, 0.7586867951938802, 0.7567106846715549, 0.7645635811515381, 0.7658466760354696, 0.765838025809158, 0.771935645748312, 0.7697661803905225, 0.7705617308464099, 0.7686405520565056, 0.7776744420772018, 0.7649614884608991, 0.7724328060448145, 0.7621419321412064, 0.7675174819506518, 0.7719355423415286, 0.7774216417770927, 0.7740858075138614]
test_auc_roc -----> [0.7606422229908912]
test_auc_pr -----> [0.7338015730681284]
cm -----> [[189  68]
 [105 227]]
--------
