--------
epochs_index -----> 39
train_acc -----> [0.6186332702636719, 0.6776315569877625, 0.695246160030365, 0.6954584121704102, 0.6956706047058105, 0.695246160030365, 0.6982173323631287, 0.7014006972312927, 0.700127363204956, 0.6958828568458557, 0.7071307301521301, 0.7024617791175842, 0.6982173323631287, 0.6986417770385742, 0.7084040641784668, 0.7130730152130127, 0.7003395557403564, 0.7103140950202942, 0.7098896503448486, 0.7094652056694031, 0.7081918716430664, 0.7168930172920227, 0.706281840801239, 0.7126485705375671, 0.7130730152130127, 0.7130730152130127, 0.7005518078804016, 0.7041596174240112, 0.7081918716430664, 0.708616316318512, 0.7018251419067383, 0.7043718099594116, 0.7041596174240112, 0.7060695886611938, 0.703098475933075, 0.6958828568458557, 0.7077674269676208, 0.7084040641784668, 0.6999151110649109, 0.7147707939147949]
test_acc -----> [0.6825127601623535]
val_acc -----> [0.6604413986206055, 0.6723259687423706, 0.6774193644523621, 0.685908317565918, 0.6926994919776917, 0.6893039345741272, 0.6994906663894653, 0.7028862237930298, 0.6893039345741272, 0.6926994919776917, 0.6994906663894653, 0.6926994919776917, 0.7028862237930298, 0.7028862237930298, 0.6926994919776917, 0.6977928876876831, 0.7045840620994568, 0.6926994919776917, 0.6977928876876831, 0.6893039345741272, 0.6825127601623535, 0.685908317565918, 0.6994906663894653, 0.6842105388641357, 0.6876060962677002, 0.6994906663894653, 0.6994906663894653, 0.6825127601623535, 0.7011884450912476, 0.6977928876876831, 0.706281840801239, 0.7045840620994568, 0.6876060962677002, 0.7096773982048035, 0.6943972706794739, 0.7096773982048035, 0.7028862237930298, 0.6943972706794739, 0.6910017132759094, 0.7028862237930298]
train_f1_score -----> [0.6181875217961662, 0.6775967096365816, 0.6951826935086088, 0.6954106452464442, 0.6955828749279058, 0.6951750036477387, 0.6981468350397224, 0.7011625915093722, 0.70007371461786, 0.6958443671152362, 0.706946944437294, 0.702396116025723, 0.6981580940626972, 0.6984891784369138, 0.7082879784583792, 0.7130479791249771, 0.7002574187961791, 0.7102746135672209, 0.7098717495912825, 0.709370617324481, 0.708052347309317, 0.7167603117543929, 0.7062169932165079, 0.7125341504604077, 0.7129773902852989, 0.7129943554619416, 0.7004588377974461, 0.704097962772191, 0.708062976434506, 0.7085214445628363, 0.7016283709964518, 0.704337175733948, 0.7040784997959078, 0.7059290916897618, 0.7030191622152051, 0.6956754817484793, 0.707715148512861, 0.7083023306388773, 0.6998104044566757, 0.714626377069776]
test_f1_score -----> [0.6825090677522869]
val_f1_score -----> [0.6600877142805048, 0.6720839953842683, 0.6758486799731633, 0.6858938275825381, 0.6926675937487664, 0.6891748825869183, 0.6984859608957663, 0.7028725393330173, 0.6891748825869183, 0.6902854835324157, 0.6992687414647784, 0.6920034502679444, 0.700899834543413, 0.7028828170922153, 0.6920995198884211, 0.6969534000091, 0.7044400558862359, 0.6921884198220343, 0.6973313421289167, 0.6892895699326338, 0.6825127284233586, 0.6850913622776197, 0.6986010236219835, 0.6841877630688753, 0.68712902798806, 0.699209740016763, 0.6989908855698814, 0.679403994946964, 0.701042815207134, 0.6972474364797839, 0.706227633456443, 0.7025252475380901, 0.6867383462460079, 0.7095132980283073, 0.6936546413140297, 0.7089222858334691, 0.7028554081541167, 0.6940789423506224, 0.6903510140755762, 0.7028314211841808]
train_loss -----> [0.6535056728256174, 0.6051374408708974, 0.5894870876456367, 0.5815966459709034, 0.5827540921233911, 0.5823024541443197, 0.5863798640428057, 0.5749894110628222, 0.5744627364017765, 0.5755788448609804, 0.564663230512664, 0.5754949371053729, 0.5758306596851918, 0.5794889647102515, 0.5733927140464603, 0.5681163232729257, 0.570535817226246, 0.5708217063004778, 0.5597684091440893, 0.5647893075930853, 0.5672569910162375, 0.5584020153674683, 0.5695247560587722, 0.5609033745294513, 0.5650274506398494, 0.5582281765488489, 0.5736736596794402, 0.5606209832561437, 0.5668255646787395, 0.5671158438273318, 0.5709296834539679, 0.5650451696637534, 0.5664119295687345, 0.5636177784518188, 0.5684442641324218, 0.5749724673546847, 0.5668225513805963, 0.5581630949051147, 0.5659534396613192, 0.5592045135834023]
val_loss -----> [0.6285458915942422, 0.6079898613530236, 0.599288330690281, 0.5874249423677858, 0.5804351838053882, 0.5842708985547761, 0.5811475454955488, 0.5738129768822643, 0.5757578349596745, 0.5787938744635197, 0.5783372501263746, 0.5735471683579522, 0.5740341648862171, 0.5739421800181672, 0.5763523896803726, 0.5783036898922277, 0.5736034834707108, 0.5744029335878988, 0.5737530428010063, 0.5752875728381646, 0.5768288675997706, 0.5751819219943639, 0.5712658122584626, 0.569356284834243, 0.5662217708052816, 0.5701058635840544, 0.578928609554832, 0.575504220418028, 0.5714101956502811, 0.5713961100256119, 0.566795057541615, 0.5695623231900705, 0.5739846024158841, 0.5713076716339266, 0.5708527565002444, 0.5649675887984199, 0.5711215512978063, 0.5655004027727488, 0.571412154951611, 0.5698447267751435]
test_loss -----> [0.6041376828341871]
val_auc_roc -----> [0.7300242130750604, 0.7412544678888504, 0.7460509627579844, 0.7571543871786002, 0.7665859564164648, 0.7588262423613513, 0.7638763980168338, 0.7726046350743687, 0.7690303239940044, 0.7713709212498558, 0.7632191859794765, 0.7689380837080595, 0.7721780237518735, 0.7697451862100773, 0.76856912256428, 0.7656174334140436, 0.7680041508128675, 0.7653061224489796, 0.7704946385333795, 0.7648910411622276, 0.7624236135132019, 0.7637322725700451, 0.7712325608209385, 0.7708290095699296, 0.7729966562896344, 0.7702063876398016, 0.7624582036204312, 0.7657096736999884, 0.7701487374610861, 0.7707252392482415, 0.7729851262538914, 0.7727199354318, 0.765144701948576, 0.7710480802490488, 0.7691686844229217, 0.7759483454398709, 0.7686383027787386, 0.7734002075406434, 0.7682347515277297, 0.7724316845382221]
val_auc_pr -----> [0.6993020638157087, 0.7138734400432831, 0.7196706273221549, 0.7280739604391114, 0.7282100184095243, 0.7272732958409351, 0.7326383314411715, 0.7328010804054609, 0.7304157264264461, 0.740316969169912, 0.7355215631655905, 0.7388225166385287, 0.7528254763952558, 0.7414363673173007, 0.7395024143313472, 0.736198554950455, 0.7384392420247986, 0.7479335722789346, 0.7450207092532556, 0.7400733552308888, 0.7364416487046854, 0.7375249828324522, 0.743586977698618, 0.7458485777650847, 0.7454752876494872, 0.7463489374264815, 0.732842322424971, 0.7392399888500161, 0.7365515073844457, 0.741364822042988, 0.7479146714324656, 0.7352557187845742, 0.7380976132485664, 0.7412509459283014, 0.7396539948314471, 0.7460511681063172, 0.7425082621247666, 0.7437412251571416, 0.7399338324037122, 0.7479072635315179]
test_auc_roc -----> [0.7349936584803413]
test_auc_pr -----> [0.7185878457066219]
cm -----> [[202  95]
 [ 92 200]]
--------
