--------
epochs_index -----> 29
train_acc -----> [0.6161684989929199, 0.6788949370384216, 0.6963315010070801, 0.7087862491607666, 0.7081068754196167, 0.7062953114509583, 0.7051630616188049, 0.7130887508392334, 0.7189764380455017, 0.71263587474823, 0.7278079986572266, 0.7253170013427734, 0.7062953114509583, 0.7239583134651184, 0.7253170013427734, 0.7352808117866516, 0.7180706262588501, 0.7164855003356934, 0.7239583134651184, 0.7185235619544983, 0.7214673757553101, 0.7244112491607666, 0.734375, 0.72486412525177, 0.7244112491607666, 0.7316576242446899, 0.71875, 0.7237318754196167, 0.723505437374115, 0.7144474387168884]
test_acc -----> [0.7130730152130127]
val_acc -----> [0.6606335043907166, 0.6719456911087036, 0.7002262473106384, 0.7036198973655701, 0.7160633206367493, 0.7183257937431335, 0.7160633206367493, 0.7239819169044495, 0.7183257937431335, 0.7149321436882019, 0.7217194437980652, 0.7081447839736938, 0.709276020526886, 0.7115384340286255, 0.7070135474205017, 0.7183257937431335, 0.7194570302963257, 0.7171945571899414, 0.7183257937431335, 0.7115384340286255, 0.7183257937431335, 0.7183257937431335, 0.7251130938529968, 0.7149321436882019, 0.7070135474205017, 0.7160633206367493, 0.7160633206367493, 0.7239819169044495, 0.7104072570800781, 0.7149321436882019]
train_f1_score -----> [0.6148843301954474, 0.67884690039486, 0.6963201643972983, 0.7087518166524787, 0.7080547659115048, 0.706201259283373, 0.7051156175871558, 0.7130562592985031, 0.718960750161378, 0.7125343135975348, 0.7277672589518598, 0.7252832004286798, 0.7060597685824224, 0.7239447244970363, 0.7252909773432918, 0.7352556902672585, 0.7180654280493752, 0.7164666592022233, 0.7239321528537114, 0.7185234158161535, 0.7214159581879933, 0.7243976453674197, 0.7343023885430473, 0.7248641113227317, 0.7243918788258086, 0.7316245608968477, 0.7187291676596277, 0.7236170800627599, 0.7234169138047666, 0.7144122967689639]
test_f1_score -----> [0.7117435611292156]
val_f1_score -----> [0.6569175310569038, 0.6669749701210498, 0.6985966799096759, 0.7016406570538887, 0.7144228726899179, 0.7155708729524437, 0.7140047202764399, 0.7221386268372056, 0.7167946159154148, 0.7130284180446205, 0.7201595626352071, 0.7042067152225571, 0.7062989989597193, 0.7097702394480515, 0.7051113079101056, 0.7172311946857541, 0.7175835224409131, 0.7148593084172641, 0.7158205760761964, 0.7092161479629968, 0.7164969715047005, 0.7169781430917417, 0.7229000937067662, 0.712334705773986, 0.7051113079101056, 0.7141137934046681, 0.7145198739146976, 0.7224346881016328, 0.7070953329834171, 0.7136127973767552]
train_loss -----> [0.6570392870816636, 0.6164533453791035, 0.5961938357331618, 0.5786691113658574, 0.5742478893826841, 0.5708651953255353, 0.5618748422982038, 0.565277837000895, 0.556296095090067, 0.5618147652434275, 0.5545913887520637, 0.5499143599923975, 0.5675711948424573, 0.5574048385024072, 0.550424355338665, 0.5401394611251527, 0.5578989311782785, 0.5636705779672966, 0.5499173349336428, 0.5531131474544173, 0.5555329450500622, 0.5500734336944163, 0.5426191653300456, 0.5478038793240765, 0.5485492125963392, 0.5416562695974022, 0.5566074300179448, 0.5436341237762694, 0.5467332345366044, 0.5535897178224461]
val_loss -----> [0.641120133636234, 0.6204492798796646, 0.6069919719352378, 0.5973248409258354, 0.5888425280918945, 0.5848658927926074, 0.579916219990533, 0.5754837302474288, 0.5720450182755786, 0.5722371031035174, 0.5702738332318833, 0.5696660591675353, 0.5677379608691274, 0.5623951583832233, 0.5643092203247653, 0.5624829898546408, 0.5602956207485886, 0.562521495260634, 0.5614771848326332, 0.5614070704391408, 0.5590359437036084, 0.5572402147022452, 0.5539386871161763, 0.55536506224323, 0.5558644151902413, 0.555910003614855, 0.5551852352984313, 0.5546944632723521, 0.5561376114686329, 0.5541308589346773]
test_loss -----> [0.5601165487959577]
val_auc_roc -----> [0.7148476689666469, 0.7374362728035871, 0.7476121496283861, 0.7589601973751562, 0.7673496652402695, 0.7730671976413259, 0.7762970659896398, 0.7803407997379251, 0.7822347003542106, 0.7824803955692963, 0.7825776499252677, 0.7848656866157532, 0.7839596855101246, 0.7894417599967242, 0.7857512131201243, 0.7881876906697242, 0.7916478982821811, 0.7914789828218095, 0.7906702360721525, 0.7898512520218669, 0.7927484080997522, 0.7934854937450093, 0.7971453287197232, 0.795794005036752, 0.794217460739952, 0.7945245797588092, 0.7950978685940092, 0.7952616654040663, 0.7951797669990377, 0.794898241231752]
val_auc_pr -----> [0.6680782400531615, 0.6908504346164884, 0.6991994217158666, 0.7132710346441786, 0.7209229843333845, 0.7305756981551277, 0.7382211750439758, 0.740904239495735, 0.745747634395033, 0.7453236946050168, 0.7455139148877797, 0.7512745063711188, 0.7522623922543186, 0.7624605792125221, 0.7556079038909767, 0.7538947299989776, 0.7611311928781361, 0.7596249191998837, 0.7619487603029886, 0.7587267200795103, 0.766128400661813, 0.7665724684343784, 0.7732045720788572, 0.7702608734009868, 0.7689436932337781, 0.7686298240727414, 0.7696608805175449, 0.7692393652579419, 0.7681751601467547, 0.7664619725980505]
test_auc_roc -----> [0.7878934624697336]
test_auc_pr -----> [0.772309861358285]
cm -----> [[190  65]
 [104 230]]
--------
