--------
epochs_index -----> 15
train_acc -----> [0.656143344709898, 0.7346416382252562, 0.7892491467576798, 0.7918088737201369, 0.7909556313993175, 0.8131399317406148, 0.7901023890784982, 0.8114334470989766, 0.8182593856655295, 0.8182593856655287, 0.8182593856655292, 0.8250853242320821, 0.8182593856655286, 0.8293515358361778, 0.8199658703071673, 0.8122866894197949]
test_acc -----> [0.863095238095238]
val_acc -----> [0.574404761904762, 0.642857142857143, 0.6755952380952384, 0.7113095238095241, 0.7589285714285715, 0.7529761904761907, 0.782738095238095, 0.7738095238095237, 0.7857142857142858, 0.8095238095238094, 0.8005952380952381, 0.8005952380952378, 0.8363095238095236, 0.8095238095238095, 0.8244047619047618, 0.8333333333333334]
train_f1_score -----> [0.4179749659840919, 0.5233219499048158, 0.6441085566214311, 0.6284088982732703, 0.652104656286556, 0.6915813337667427, 0.64914674971843, 0.6860068175509482, 0.6847553953260523, 0.6884771571564903, 0.6923776932914105, 0.714675759021464, 0.7043230855968144, 0.7234357133901218, 0.6887371930152072, 0.6780432225911268]
test_f1_score -----> [0.7571428485]
val_f1_score -----> [0.5780612182703121, 0.6275510133257531, 0.6399659791114498, 0.6653628041452461, 0.6940476110124906, 0.6928571348136815, 0.7078798103368428, 0.6995464771645546, 0.7089569077466485, 0.7087868397200925, 0.7090702864322793, 0.7066893341048984, 0.71405894848026, 0.7134353657773188, 0.71989795063623, 0.7156462500186198]
train_loss -----> [0.625196618228236, 0.5576112914207445, 0.5025729145409709, 0.483573966160569, 0.4653141697417345, 0.43722908442948, 0.4543161704983728, 0.43471621421925444, 0.4202356965570321, 0.4169550890249197, 0.41906711148930914, 0.4011960352291017, 0.4096621327585328, 0.3992544101366819, 0.4032637411315286, 0.41639082461798965]
val_loss -----> [0.6543855166860992, 0.6138815869178094, 0.5818694719956032, 0.5579970528682073, 0.5294271799780073, 0.5231988245532628, 0.5043642838441188, 0.5033929795026779, 0.4862686235989843, 0.4718914989914212, 0.4755653902178719, 0.4723350643402053, 0.4458397460125741, 0.46333884305897216, 0.44502169869485364, 0.43567288666963583]
test_loss -----> [0.38380312777700876]
cm -----> [[84  3]
 [20 61]]
--------
