--------
epochs_index -----> 29
train_acc -----> [0.6607789993286133, 0.7096920013427734, 0.7189764380455017, 0.7307518124580383, 0.7185235619544983, 0.7334691882133484, 0.7289401888847351, 0.7393568754196167, 0.739130437374115, 0.735733687877655, 0.74048912525177, 0.7393568754196167, 0.7432065010070801, 0.7504528760910034, 0.742527186870575, 0.7515851259231567, 0.7472826242446899, 0.7488677501678467, 0.7479619383811951, 0.7536231875419617, 0.7511322498321533, 0.7506793737411499, 0.7463768124580383, 0.7543025612831116, 0.7490941882133484, 0.7506793737411499, 0.7502264380455017, 0.7515851259231567, 0.7558876872062683, 0.7558876872062683]
test_acc -----> [0.7334465384483337]
val_acc -----> [0.7138009071350098, 0.7239819169044495, 0.7171945571899414, 0.7386877536773682, 0.7251130938529968, 0.7466063499450684, 0.7398189902305603, 0.7590497732162476, 0.7511312365531921, 0.7624434232711792, 0.7556561231613159, 0.7364253401756287, 0.7511312365531921, 0.7590497732162476, 0.7692307829856873, 0.7714931964874268, 0.7647058963775635, 0.7466063499450684, 0.7680995464324951, 0.7692307829856873, 0.7511312365531921, 0.7647058963775635, 0.7635746598243713, 0.7635746598243713, 0.7692307829856873, 0.7601810097694397, 0.7839366793632507, 0.7782805562019348, 0.7748869061470032, 0.7680995464324951]
train_f1_score -----> [0.660466347891941, 0.7096905352964769, 0.718976429861422, 0.7307487000134729, 0.7185234158161575, 0.733468856207151, 0.7289390865036827, 0.7393546202503953, 0.7391299481991169, 0.7357306415522493, 0.7404857186593485, 0.739334409561652, 0.7432039357459796, 0.7504442427499229, 0.742514480182725, 0.7515850252772844, 0.7472807375588466, 0.748865572239369, 0.7479609046434587, 0.7536190899106281, 0.7511316160457187, 0.7506792277577974, 0.7463680144918254, 0.754281350168655, 0.7490937347086933, 0.7506792277577954, 0.7502196685471235, 0.7515851271855987, 0.7558676458688482, 0.7558714518764162]
test_f1_score -----> [0.7331973394466462]
val_f1_score -----> [0.7136070286792499, 0.7235233748114718, 0.715198840350598, 0.738684768230923, 0.7234281102979438, 0.7460864519803287, 0.7395937345813339, 0.759012454428013, 0.7509476437931702, 0.762432489672136, 0.7550492560791122, 0.7326535357373485, 0.7499009739022978, 0.7586269173733559, 0.7692295829803495, 0.7699672229982792, 0.7638888838890465, 0.7444070932237489, 0.7679424531158983, 0.7683009509079033, 0.750267089017562, 0.7647010596838659, 0.762516785390563, 0.7629604109915367, 0.7690605420613799, 0.7585794620075473, 0.7837038694968549, 0.7782249137046853, 0.7747828318996222, 0.7679685999418155]
train_loss -----> [0.6202535452726095, 0.5679299606793168, 0.5578108350543867, 0.5396618768032909, 0.5439485146029713, 0.5297018998181042, 0.5341990247260833, 0.5223162914153894, 0.523231663106792, 0.5264103765990855, 0.5232470168637623, 0.5274929626156449, 0.5219457800081677, 0.5119580184042025, 0.5180999178547362, 0.5156473795734887, 0.511372119890175, 0.5115866511250318, 0.5087126383854857, 0.5086045229024645, 0.5150111328702469, 0.5074372848738784, 0.5122431098766952, 0.507033150508135, 0.5061448607863722, 0.5059668085119429, 0.50816375705535, 0.5038391352779622, 0.504931448837338, 0.4993692155981406]
val_loss -----> [0.5769417787994346, 0.570936201660483, 0.5513868996420422, 0.5455813414610184, 0.5465295530922778, 0.5210710508866353, 0.5340913444220484, 0.5093934858167493, 0.5168793375964639, 0.5065456514691449, 0.5092281438745894, 0.525231757813746, 0.5095128319016448, 0.506326784690221, 0.4976509836342956, 0.5054417463304761, 0.5088560236198411, 0.5159991151309231, 0.5031228021189978, 0.4963749073915654, 0.5255079544610807, 0.49049825362257055, 0.4989440998247075, 0.4978520494323592, 0.5043586048188513, 0.4993654206260906, 0.48098141881259704, 0.4882267249060105, 0.4794226095483111, 0.49175265713317967]
test_loss -----> [0.5275956229180903]
val_auc_roc -----> [0.7716442128539547, 0.7793631375278967, 0.800948485903237, 0.8002216375586084, 0.806978255973465, 0.8234295980835774, 0.8142416207694355, 0.829940521283348, 0.8257176347740627, 0.8314607604266906, 0.8338204582215761, 0.8314505231260623, 0.8317218115927192, 0.8323974734342049, 0.8368609365082615, 0.839348600561004, 0.834480764112119, 0.8340815093876047, 0.8344807641121189, 0.8438990806904036, 0.8234193607829489, 0.8419437562703467, 0.8421843328351182, 0.8380842939333757, 0.834229950246719, 0.8407664666980612, 0.8494784095329744, 0.8444518949243462, 0.8511470895354313, 0.8418567392150038]
val_auc_pr -----> [0.7628721903604095, 0.7700889373065731, 0.7877777380686094, 0.7904957968263688, 0.7933464585552032, 0.8102457650734416, 0.7949714017730694, 0.8124522004335404, 0.8062632061629282, 0.8156935168372487, 0.8168219284056647, 0.8143686895617263, 0.8132918285487598, 0.8107205878283101, 0.8165778506609551, 0.8180044633868313, 0.8212790633033817, 0.8149166984175075, 0.8174398232610346, 0.8240344624775634, 0.8089904331652477, 0.8225438133755067, 0.8191549050714808, 0.8182377957477089, 0.8170262140501011, 0.8244186798695597, 0.8323946206875933, 0.8263723013556079, 0.8360693785076883, 0.8249810282332866]
test_auc_roc -----> [0.8120950074945232]
test_auc_pr -----> [0.8140080781182778]
cm -----> [[225  88]
 [ 69 207]]
--------
