--------
epochs_index -----> 39
train_acc -----> [0.6468591094017029, 0.6903650164604187, 0.6899405717849731, 0.700127363204956, 0.700764000415802, 0.7122241258621216, 0.7050085067749023, 0.7107385396957397, 0.7168930172920227, 0.7270798087120056, 0.7228353023529053, 0.7132852077484131, 0.7200763821601868, 0.723471999168396, 0.711799681186676, 0.7200763821601868, 0.7209252715110779, 0.7166808247566223, 0.7236841917037964, 0.721137523651123, 0.7177419066429138, 0.7209252715110779, 0.7221986651420593, 0.7188030481338501, 0.7228353023529053, 0.7315365076065063, 0.7168930172920227, 0.7238964438438416, 0.7281408905982971, 0.7238964438438416, 0.7230475544929504, 0.7270798087120056, 0.7215619683265686, 0.7283531427383423, 0.7311120629310608, 0.7228353023529053, 0.7311120629310608, 0.7205008268356323, 0.7226231098175049, 0.7198641896247864]
test_acc -----> [0.6553480625152588]
val_acc -----> [0.6926994919776917, 0.6910017132759094, 0.6808149218559265, 0.6876060962677002, 0.6960950493812561, 0.7181664109230042, 0.6910017132759094, 0.6943972706794739, 0.7113752365112305, 0.7164685726165771, 0.6757215857505798, 0.7045840620994568, 0.7028862237930298, 0.6723259687423706, 0.685908317565918, 0.6706281900405884, 0.706281840801239, 0.7011884450912476, 0.6808149218559265, 0.6757215857505798, 0.706281840801239, 0.706281840801239, 0.6893039345741272, 0.6960950493812561, 0.7079796195030212, 0.6960950493812561, 0.7011884450912476, 0.7130730152130127, 0.7011884450912476, 0.6893039345741272, 0.7028862237930298, 0.7045840620994568, 0.6842105388641357, 0.7028862237930298, 0.6723259687423706, 0.6893039345741272, 0.6876060962677002, 0.6842105388641357, 0.6791171431541443, 0.6774193644523621]
train_f1_score -----> [0.646699955130982, 0.6903638908604279, 0.6899344136525811, 0.7001242905844799, 0.7007620610427822, 0.7122166378344834, 0.70500205332759, 0.7107046449212213, 0.7168782932676091, 0.7270490576198283, 0.7228172821174969, 0.7132771531173979, 0.7200294753088721, 0.7234641970923557, 0.7117672010948615, 0.7200626654362131, 0.7209098939108993, 0.7166301547236955, 0.7236160398551703, 0.7210687222962595, 0.7177075513122693, 0.7208844485903902, 0.7221776026406261, 0.7187701058917677, 0.7227961561175906, 0.7314610142316533, 0.7168471234534559, 0.7238689569935031, 0.7281115101076888, 0.7238665688916293, 0.7230474209340897, 0.727032532352898, 0.7215354260182751, 0.7283225456635755, 0.7310988603847415, 0.7228088920349425, 0.7311093244443904, 0.7204300162994306, 0.7225527951809612, 0.7197793087735083]
test_f1_score -----> [0.6552844493789706]
val_f1_score -----> [0.6915471921010143, 0.68902155503729, 0.6608223629492247, 0.6868469667881408, 0.6924640802140754, 0.7174815021546406, 0.6884793273268592, 0.6935483820880693, 0.7113743752364234, 0.7164391606937768, 0.6672463976435516, 0.7031456328190239, 0.7016443881105443, 0.670807736202508, 0.685676368424061, 0.6699345977508162, 0.7055178681826335, 0.70093931968257, 0.6703384332364094, 0.6725463264928175, 0.7004764837039668, 0.7062682816831131, 0.6848526795366574, 0.6938891597287644, 0.7059444975089463, 0.6914849674184447, 0.7008771879633273, 0.7130597663833048, 0.6991059975672336, 0.6886001735291896, 0.7020066617164444, 0.703866153101179, 0.6816327192460055, 0.7028554081541167, 0.670807736202508, 0.6862616633942252, 0.6874033685401795, 0.6818250414850153, 0.6787467376038188, 0.6772100002870707]
train_loss -----> [0.627725156337175, 0.5856493623430744, 0.5832095234726001, 0.5760125428286388, 0.5676090270027846, 0.5612927370140223, 0.5704823319495025, 0.566299156012276, 0.5620656865814956, 0.545495334778658, 0.5576659820733536, 0.5567187228712845, 0.5515566386775771, 0.5473969723453753, 0.5531508969633205, 0.5512830416698814, 0.546377142413767, 0.5487197499930961, 0.5461881860255791, 0.5462936501956352, 0.55138824025014, 0.5540532827984497, 0.5501521133860419, 0.544849073972888, 0.548125969331414, 0.5335019574910157, 0.5513007390124686, 0.5418236936444141, 0.5343401981786473, 0.5469201537819993, 0.5390614940577733, 0.5383908182686173, 0.5398165569696036, 0.5352346944687523, 0.5339706987648544, 0.544730105049946, 0.5371956104991389, 0.5466432811499458, 0.5393208852243343, 0.5404398290279158]
val_loss -----> [0.6170517153836585, 0.7708694493851146, 1.3875641538887413, 0.6812183740171227, 0.804734333342797, 0.6368475141557488, 0.7154183029323011, 0.6261059663988446, 0.578955206717994, 0.5984587898930988, 0.7664413341396565, 0.5692320830515913, 0.5966338654224939, 1.4529200063363927, 0.6252906461422509, 1.0093555059787394, 0.6310450746803673, 0.6565527746806273, 1.418262981683821, 0.8273069351106076, 0.5839592655365531, 0.5591712877959824, 0.5690956868835398, 0.6719442716724167, 0.5722033379448427, 0.9424720563598581, 0.6241833040037669, 0.706845712218736, 0.5711738724966305, 0.5930991323815807, 0.5421630832794552, 0.5769591228784742, 0.9351348395685893, 0.5941725639072623, 1.492309772283644, 1.1301182707822004, 0.7500671255024703, 0.7410019849603238, 0.926033890327892, 1.5212338870844329]
test_loss -----> [1.9337263808057104]
val_auc_roc -----> [0.7695837657096738, 0.7612475498674045, 0.7709500749452324, 0.7651101118413467, 0.7670413928283177, 0.7835466389945809, 0.7685921826357661, 0.7715669318574887, 0.7879280525769631, 0.7835235789230945, 0.7398132134209616, 0.7943964026288483, 0.775544794188862, 0.7042084630462355, 0.7627118644067796, 0.7131788308543758, 0.7889657557938431, 0.7734117375763865, 0.702698028363888, 0.7426265421422806, 0.8010492332526231, 0.7906837311195664, 0.7957338867750491, 0.7842038510319382, 0.7969791306353049, 0.7586994119681771, 0.7694223452092701, 0.7777700910872822, 0.7869941196817709, 0.7766401475844575, 0.8043583535108959, 0.7816672431684539, 0.7282139974633921, 0.7788769745186209, 0.7116683961720282, 0.729240170644529, 0.7559091433183442, 0.7602213766862678, 0.7536607863484377, 0.7205811138014526]
val_auc_pr -----> [0.7264806618051699, 0.6976253683984108, 0.6934480192240093, 0.7251195914322882, 0.7027205750193747, 0.7288504910225124, 0.7409123631724529, 0.7486347389921924, 0.7677012214725425, 0.7609982274134557, 0.7403258601423632, 0.7529318565385499, 0.7626984611818115, 0.7280441368659026, 0.7504982736795276, 0.7251486316071002, 0.7552682860164774, 0.7503631443719626, 0.7269791731809216, 0.7437869660735827, 0.7546057257082301, 0.7605359270593397, 0.7618366057428729, 0.7329724935427294, 0.7546148211229761, 0.6960252114470287, 0.7545884617098226, 0.7446520443979073, 0.7606173724660396, 0.7646689702785081, 0.7741568327386834, 0.7667675096433663, 0.7429319560962162, 0.7639389879075007, 0.7373199117655098, 0.7410870494594783, 0.7544558895946444, 0.7562899326851104, 0.7518877716786518, 0.736519014154688]
test_auc_roc -----> [0.7032514700795572]
test_auc_pr -----> [0.7333242936493021]
cm -----> [[189  98]
 [105 197]]
--------
