--------
epochs_index -----> 15
train_acc -----> [0.9146757679180887, 0.967576791808874, 0.9846416382252561, 0.9991467576791809, 0.9923208191126285, 0.9735494880546071, 0.9889078498293516, 0.9948805460750855, 0.9837883959044368, 0.9931740614334471, 0.9948805460750855, 0.9906143344709898, 0.9982935153583619, 0.9897610921501706, 0.9965870307167238, 0.9931740614334471]
test_acc -----> [0.9345238095238094]
val_acc -----> [0.8898809523809521, 0.8779761904761904, 0.9434523809523809, 0.9345238095238096, 0.8750000000000001, 0.8958333333333331, 0.9166666666666665, 0.9077380952380953, 0.9226190476190476, 0.9285714285714286, 0.9464285714285712, 0.9285714285714284, 0.9255952380952379, 0.9196428571428569, 0.9434523809523809, 0.9315476190476193]
train_f1_score -----> [0.7465788957873064, 0.8369575716877712, 0.843767258038079, 0.8457337785022752, 0.8149845509932353, 0.7992848924329403, 0.8391353712768297, 0.8359499333830115, 0.8253697287234547, 0.8281813652649459, 0.8598407178767536, 0.8333333236428708, 0.8650739375163068, 0.814675758475825, 0.8652689642693072, 0.8432309343843386]
test_f1_score -----> [0.7952380856984128]
val_f1_score -----> [0.7980725529071295, 0.7967686979821466, 0.8149659763100705, 0.7867913734932717, 0.7918367252805905, 0.7880385393471603, 0.7848072468679407, 0.7423469295176105, 0.8029478361148501, 0.7993764075741753, 0.8200113278704716, 0.789965976723761, 0.7898525980017547, 0.7954081535943475, 0.8136621215583024, 0.8132652961836332]
train_loss -----> [0.24371268455751047, 0.07958719807230896, 0.03816539748627951, 0.0053043321468814585, 0.026645721696439337, 0.11411138521494366, 0.03985229910473389, 0.013290459201934855, 0.08811627921339803, 0.05187322244569946, 0.050635531587968165, 0.0540624829284824, 0.009572612594366944, 0.0798785466540003, 0.010722601946825986, 0.045539496325179216]
val_loss -----> [0.32629295693082633, 0.6196589151527702, 0.401957051214755, 0.5112346910694955, 0.925779498895134, 0.963323243795443, 0.8756062673377122, 1.4881902804806975, 1.1236332323111744, 0.9745034371786992, 0.9352072054649491, 1.239380394395096, 1.1948808023870872, 1.4154785828841383, 1.3515046385280183, 1.3958696579303762]
test_loss -----> [1.0257474316366197]
cm -----> [[99  6]
 [ 5 58]]
--------
